-464.05879473
-464.05883606
-464.05883135
-464.05878275
-464.05869137
-464.05856077
-464.05839398
-464.05819420
-464.05796540
-464.05771170
-464.05743770
-464.05714827
-464.05685140
-464.05655050
-464.05625176
-464.05596118
-464.05568378
-464.05542431
-464.05519036
-464.05498473
-464.05481178
-464.05467617
-464.05458089
-464.05452929
-464.05452403
-464.05456428
-464.05465121
-464.05478380
-464.05496129
-464.05518032
-464.05543945
-464.05573275
-464.05605641
-464.05640520
-464.05677357
-464.05715558
-464.05754474
-464.05793488
-464.05831885
-464.05869213
-464.05904760
-464.05937964
-464.05968370
-464.05995461
-464.06018844
-464.06038136
-464.06053255
-464.06063878
-464.06069964
-464.06071403
-464.06068294
-464.06060667
-464.06048794
-464.06032882
-464.06013304
-464.05990342
-464.05964411
-464.05935837
-464.05905096
-464.05872651
-464.05838886
-464.05804393
-464.05769557
-464.05734822
-464.05700720
-464.05667631
-464.05635937
-464.05606059
-464.05578257
-464.05552936
-464.05530306
-464.05510710
-464.05494255
-464.05481239
-464.05471676
-464.05465814
-464.05463606
-464.05465217
-464.05470543
-464.05479703
-464.05492502
-464.05509009
-464.05528954
-464.05552363
-464.05578887
-464.05608479
-464.05640742
-464.05675576
-464.05712570
-464.05751562
-464.05792089
-464.05834120
-464.05877140
-464.05920920
-464.05965059
-464.06009428
-464.06053620
-464.06097163
-464.06139985
-464.06181582
-464.06221575
-464.06259516
-464.06295139
-464.06327821
-464.06357420
-464.06383341
-464.06405258
-464.06422812
-464.06435735
-464.06443706
-464.06446696
-464.06444505
-464.06437202
-464.06424879
-464.06407810
-464.06386287
-464.06360925
-464.06332189
-464.06300861
-464.06267734
-464.06233597
-464.06199493
-464.06166155
-464.06134607
-464.06105612
-464.06079853
-464.06058086
-464.06040726
-464.06028175
-464.06020513
-464.06017878
-464.06020037
-464.06026549
-464.06037231
-464.06051178
-464.06068054
-464.06086791
-464.06106832
-464.06127123
-464.06146959
-464.06165374
-464.06181798
-464.06195318
-464.06205502
-464.06211670
-464.06213470
-464.06210515
-464.06202819
-464.06190066
-464.06172409
-464.06149928
-464.06122977
-464.06091979
-464.06057500
-464.06020233
-464.05980970
-464.05940614
-464.05900137
-464.05860488
-464.05822824
-464.05788157
-464.05757614
-464.05732105
-464.05712655
-464.05699956
-464.05694600
-464.05697211
-464.05707966
-464.05726918
-464.05753831
-464.05788249
-464.05829685
-464.05877136
-464.05929684
-464.05986197
-464.06045302
-464.06105832
-464.06166335
-464.06225414
-464.06281792
-464.06334180
-464.06381423
-464.06422619
-464.06456664
-464.06482918
-464.06500777
-464.06509857
-464.06509964
-464.06501107
-464.06483488
-464.06457513
-464.06423790
-464.06383140
-464.06336460
-464.06284999
-464.06229954
-464.06172638
-464.06114682
-464.06057444
-464.06002347
-464.05950859
-464.05904175
-464.05863589
-464.05829953
-464.05803925
-464.05786083
-464.05776547
-464.05775082
-464.05781248
-464.05794513
-464.05813910
-464.05838553
-464.05867108
-464.05898248
-464.05930725
-464.05963019
-464.05993840
-464.06021937
-464.06046179
-464.06065719
-464.06079565
-464.06087210
-464.06088297
-464.06082637
-464.06070174
-464.06051264
-464.06026275
-464.05995897
-464.05960854
-464.05921982
-464.05880309
-464.05837146
-464.05793455
-464.05750262
-464.05708901
-464.05670455
-464.05635968
-464.05606392
-464.05582744
-464.05565676
-464.05555873
-464.05553695
-464.05559441
-464.05573088
-464.05594483
-464.05623324
-464.05659155
-464.05701286
-464.05749012
-464.05801378
-464.05857501
-464.05916213
-464.05976423
-464.06037204
-464.06097365
-464.06155923
-464.06211914
-464.06264560
-464.06313081
-464.06356852
-464.06395365
-464.06428490
-464.06455803
-464.06477285
-464.06492920
-464.06502615
-464.06506684
-464.06505115
-464.06498306
-464.06486505
-464.06470109
-464.06449510
-464.06425137
-464.06397441
-464.06366775
-464.06333696
-464.06298810
-464.06262739
-464.06226043
-464.06189371
-464.06153484
-464.06119122
-464.06086862
-464.06057458
-464.06031551
-464.06009796
-464.05992627
-464.05980623
-464.05974114
-464.05973330
-464.05978325
-464.05989191
-464.06005557
-464.06027143
-464.06053388
-464.06083668
-464.06117290
-464.06153261
-464.06190671
-464.06228725
-464.06266286
-464.06302662
-464.06336684
-464.06367581
-464.06394587
-464.06416828
-464.06433847
-464.06445065
-464.06450095
-464.06448598
-464.06440583
-464.06426086
-464.06405323
-464.06378683
-464.06346759
-464.06310106
-464.06269516
-464.06226038
-464.06180654
-464.06134700
-464.06089300
-464.06045636
-464.06005145
-464.05968806
-464.05937871
-464.05913312
-464.05895983
-464.05886368
-464.05885009
-464.05891706
-464.05906508
-464.05928705
-464.05957745
-464.05992612
-464.06032063
-464.06074972
-464.06119695
-464.06164994
-464.06209131
-464.06250747
-464.06288346
-464.06320886
-464.06347065
-464.06366107
-464.06377224
-464.06379885
-464.06373715
-464.06358539
-464.06334554
-464.06302049
-464.06261569
-464.06213907
-464.06159957
-464.06100916
-464.06037965
-464.05972439
-464.05905803
-464.05839511
-464.05774993
-464.05713714
-464.05656948
-464.05605806
-464.05561325
-464.05524269
-464.05495240
-464.05474549
-464.05462326
-464.05458372
-464.05462375
-464.05473720
-464.05491652
-464.05515214
-464.05543542
-464.05575294
-464.05609683
-464.05645285
-464.05680875
-464.05715525
-464.05748059
-464.05777645
-464.05803346
-464.05824703
-464.05840942
-464.05851675
-464.05856569
-464.05855527
-464.05848457
-464.05835502
-464.05816785
-464.05792791
-464.05763774
-464.05730420
-464.05693368
-464.05653346
-464.05611101
-464.05567506
-464.05523426
-464.05479776
-464.05437411
-464.05397195
-464.05359891
-464.05326179
-464.05296597
-464.05271816
-464.05252112
-464.05237943
-464.05229366
-464.05226581
-464.05229396
-464.05237738
-464.05251215
-464.05269550
-464.05292174
-464.05318511
-464.05348023
-464.05380085
-464.05413917
-464.05448865
-464.05484198
-464.05519429
-464.05553754
-464.05586708
-464.05617749
-464.05646382
-464.05672216
-464.05694905
-464.05714211
-464.05730025
-464.05742222
-464.05750758
-464.05755634
-464.05757106
-464.05755157
-464.05749984
-464.05741835
-464.05731071
-464.05717899
-464.05702740
-464.05685888
-464.05667644
-464.05648501
-464.05628815
-464.05608862
-464.05589167
-464.05570083
-464.05551915
-464.05535113
-464.05520027
-464.05507017
-464.05496466
-464.05488735
-464.05484033
-464.05482635
-464.05484720
-464.05490638
-464.05500402
-464.05514133
-464.05531885
-464.05553589
-464.05579165
-464.05608383
-464.05641120
-464.05676872
-464.05715460
-464.05756306
-464.05798922
-464.05842769
-464.05887399
-464.05932187
-464.05976547
-464.06019899
-464.06061664
-464.06101221
-464.06138093
-464.06171746
-464.06201787
-464.06227720
-464.06249269
-464.06266122
-464.06277934
-464.06284677
-464.06286155
-464.06282552
-464.06273921
-464.06260496
-464.06242599
-464.06220699
-464.06195279
-464.06167014
-464.06136709
-464.06105278
-464.06073731
-464.06043172
-464.06014645
-464.05989351
-464.05968265
-464.05952430
-464.05942625
-464.05939690
-464.05944114
-464.05956229
-464.05976067
-464.06003441
-464.06037867
-464.06078577
-464.06124658
-464.06174831
-464.06227843
-464.06282130
-464.06336128
-464.06388401
-464.06437321
-464.06481388
-464.06519423
-464.06550252
-464.06572858
-464.06586431
-464.06590676
-464.06585269
-464.06570390
-464.06546323
-464.06513852
-464.06473926
-464.06427673
-464.06376573
-464.06322229
-464.06266394
-464.06210768
-464.06157174
-464.06107362
-464.06062829
-464.06024968
-464.05994841
-464.05973261
-464.05960615
-464.05956926
-464.05962085
-464.05975314
-464.05995784
-464.06022105
-464.06053087
-464.06086862
-464.06121939
-464.06156690
-464.06189691
-464.06219523
-464.06244663
-464.06264165
-464.06276796
-464.06281953
-464.06279007
-464.06267773
-464.06248142
-464.06220329
-464.06184688
-464.06141824
-464.06092406
-464.06037336
-464.05977752
-464.05914911
-464.05850061
-464.05784491
-464.05719764
-464.05657145
-464.05597939
-464.05543393
-464.05494775
-464.05453033
-464.05418945
-464.05393274
-464.05376450
-464.05368597
-464.05369943
-464.05380190
-464.05398978
-464.05425815
-464.05459902
-464.05500503
-464.05546682
-464.05597328
-464.05651301
-464.05707695
-464.05765275
-464.05822998
-464.05879967
-464.05935333
-464.05988000
-464.06037337
-464.06082686
-464.06123380
-464.06159112
-464.06189442
-464.06214263
-464.06233378
-464.06246983
-464.06255262
-464.06258378
-464.06256799
-464.06250826
-464.06241128
-464.06228338
-464.06213081
-464.06196037
-464.06178170
-464.06160180
-464.06142911
-464.06127047
-464.06113372
-464.06102504
-464.06094941
-464.06091128
-464.06091595
-464.06096391
-464.06105552
-464.06119255
-464.06137108
-464.06158820
-464.06184077
-464.06212210
-464.06242589
-464.06274600
-464.06307364
-464.06340212
-464.06372368
-464.06402990
-464.06431395
-464.06456955
-464.06479046
-464.06497242
-464.06511121
-464.06520367
-464.06524849
-464.06524556
-464.06519461
-464.06509662
-464.06495414
-464.06476955
-464.06454695
-464.06429052
-464.06400581
-464.06369783
-464.06337281
-464.06303680
-464.06269632
-464.06235810
-464.06202861
-464.06171437
-464.06142155
-464.06115667
-464.06092506
-464.06073158
-464.06057918
-464.06047342
-464.06041424
-464.06040384
-464.06044101
-464.06052595
-464.06065438
-464.06082479
-464.06103023
-464.06126677
-464.06152652
-464.06180307
-464.06209018
-464.06237958
-464.06266561
-464.06294099
-464.06319728
-464.06342973
-464.06363143
-464.06379677
-464.06392117
-464.06400156
-464.06403540
-464.06402076
-464.06395806
-464.06384744
-464.06369008
-464.06348775
-464.06324416
-464.06296302
-464.06264891
-464.06230810
-464.06194776
-464.06157416
-464.06119468
-464.06081649
-464.06044707
-464.06009392
-464.05976461
-464.05946508
-464.05920025
-464.05897498
-464.05879404
-464.05865984
-464.05857270
-464.05853336
-464.05853988
-464.05859049
-464.05868082
-464.05880705
-464.05896298
-464.05914325
-464.05934029
-464.05954838
-464.05975928
-464.05996767
-464.06016617
-464.06034941
-464.06051142
-464.06064877
-464.06075611
-464.06083189
-464.06087216
-464.06087666
-464.06084311
-464.06077280
-464.06066506
-464.06052202
-464.06034416
-464.06013576
-464.05989811
-464.05963431
-464.05934893
-464.05904502
-464.05872684
-464.05839943
-464.05806685
-464.05773334
-464.05740355
-464.05708225
-464.05677310
-464.05648038
-464.05620747
-464.05595737
-464.05573339
-464.05553743
-464.05537166
-464.05523784
-464.05513628
-464.05506768
-464.05503263
-464.05502916
-464.05505698
-464.05511476
-464.05520002
-464.05531110
-464.05544455
-464.05559878
-464.05577002
-464.05595504
-464.05615144
-464.05635490
-464.05656356
-464.05677265
-464.05698054
-464.05718252
-464.05737703
-464.05756109
-464.05773320
-464.05789117
-464.05803221
-464.05815580
-464.05826060
-464.05834654
-464.05841269
-464.05845887
-464.05848502
-464.05849236
-464.05848189
-464.05845492
-464.05841283
-464.05835776
-464.05829251
-464.05821952
-464.05814225
-464.05806366
-464.05798749
-464.05791704
-464.05785654
-464.05780937
-464.05777884
-464.05776779
-464.05777992
-464.05781759
-464.05788267
-464.05797713
-464.05810208
-464.05825774
-464.05844416
-464.05866007
-464.05890433
-464.05917409
-464.05946708
-464.05977915
-464.06010715
-464.06044551
-464.06079103
-464.06113759
-464.06148039
-464.06181458
-464.06213536
-464.06243770
-464.06271751
-464.06297052
-464.06319325
-464.06338347
-464.06353679
-464.06365189
-464.06372736
-464.06376186
-464.06375547
-464.06370778
-464.06361982
-464.06349227
-464.06332700
-464.06312618
-464.06289264
-464.06262902
-464.06233892
-464.06202640
-464.06169611
-464.06135195
-464.06099840
-464.06064048
-464.06028265
-464.05992934
-464.05958495
-464.05925463
-464.05894158
-464.05865129
-464.05838675
-464.05815202
-464.05795065
-464.05778599
-464.05766010
-464.05757528
-464.05753324
-464.05753520
-464.05758052
-464.05767026
-464.05780226
-464.05797504
-464.05818737
-464.05843579
-464.05871728
-464.05902698
-464.05936061
-464.05971273
-464.06007694
-464.06044845
-464.06082030
-464.06118672
-464.06154049
-464.06187561
-464.06218586
-464.06246653
-464.06271254
-464.06291962
-464.06308392
-464.06320460
-464.06328076
-464.06331148
-464.06329973
-464.06324756
-464.06315920
-464.06304111
-464.06289873
-464.06273948
-464.06257192
-464.06240486
-464.06224661
-464.06210652
-464.06199255
-464.06191186
-464.06187063
-464.06187381
-464.06192472
-464.06202491
-464.06217378
-464.06236982
-464.06260925
-464.06288571
-464.06319346
-464.06352255
-464.06386314
-464.06420701
-464.06454302
-464.06486124
-464.06515245
-464.06540752
-464.06561922
-464.06578027
-464.06588494
-464.06593061
-464.06591441
-464.06583810
-464.06570133
-464.06550766
-464.06525950
-464.06496351
-464.06462627
-464.06425351
-464.06385471
-464.06343686
-464.06301041
-464.06258357
-464.06216425
-464.06176227
-464.06138496
-464.06103927
-464.06073092
-464.06046307
-464.06023976
-464.06006090
-464.05992700
-464.05983543
-464.05978417
-464.05976902
-464.05978415
-464.05982711
-464.05988967
-464.05996652
-464.06005197
-464.06013872
-464.06022379
-464.06029976
-464.06036185
-464.06040579
-464.06042790
-464.06042470
-464.06039388
-464.06033404
-464.06024291
-464.06011856
-464.05996181
-464.05977290
-464.05955201
-464.05930121
-464.05902156
-464.05871739
-464.05839183
-464.05804847
-464.05769155
-464.05732731
-464.05696028
-464.05659786
-464.05624531
-464.05590931
-464.05559549
-464.05530890
-464.05505636
-464.05484128
-464.05466938
-464.05454386
-464.05446686
-464.05444036
-464.05446559
-464.05454235
-464.05466929
-464.05484433
-464.05506492
-464.05532668
-464.05562366
-464.05595123
-464.05630098
-464.05666670
-464.05704199
-464.05741809
-464.05779050
-464.05815167
-464.05849641
-464.05882132
-464.05912086
-464.05939302
-464.05963402
-464.05984316
-464.06001784
-464.06015892
-464.06026454
-464.06033619
-464.06037343
-464.06037876
-464.06035261
-464.06029777
-464.06021525
-464.06010810
-464.05997898
-464.05983064
-464.05966626
-464.05948890
-464.05930295
-464.05911166
-464.05891909
-464.05872959
-464.05854662
-464.05837499
-464.05821828
-464.05808084
-464.05796559
-464.05787767
-464.05781793
-464.05779071
-464.05779683
-464.05783683
-464.05791250
-464.05802285
-464.05816662
-464.05834395
-464.05855135
-464.05878763
-464.05904696
-464.05932787
-464.05962326
-464.05993014
-464.06024208
-464.06055464
-464.06086072
-464.06115650
-464.06143581
-464.06169351
-464.06192517
-464.06212627
-464.06229311
-464.06242202
-464.06251076
-464.06255626
-464.06255793
-464.06251503
-464.06242870
-464.06230102
-464.06213459
-464.06193413
-464.06170479
-464.06145382
-464.06118923
-464.06091998
-464.06065585
-464.06040560
-464.06017826
-464.05998459
-464.05983401
-464.05973353
-464.05969100
-464.05971143
-464.05980033
-464.05995836
-464.06018650
-464.06048227
-464.06084105
-464.06125688
-464.06172406
-464.06223129
-464.06277058
-464.06332909
-464.06389713
-464.06446260
-464.06501457
-464.06554315
-464.06603704
-464.06648774
-464.06688765
-464.06722925
-464.06750721
-464.06771888
-464.06786185
-464.06793649
-464.06794321
-464.06788540
-464.06776798
-464.06759578
-464.06737753
-464.06712020
-464.06683261
-464.06652596
-464.06620891
-464.06589214
-464.06558553
-464.06529809
-464.06503828
-464.06481284
-464.06462793
-464.06448644
-464.06439135
-464.06434414
-464.06434323
-464.06438656
-464.06447072
-464.06459019
-464.06473937
-464.06491238
-464.06510141
-464.06529999
-464.06550058
-464.06569569
-464.06587891
-464.06604291
-464.06618294
-464.06629356
-464.06636973
-464.06640810
-464.06640623
-464.06636078
-464.06627130
-464.06613597
-464.06595563
-464.06572929
-464.06545978
-464.06514816
-464.06479843
-464.06441319
-464.06399743
-464.06355618
-464.06309322
-464.06261458
-464.06212577
-464.06163321
-464.06114329
-464.06066288
-464.06019840
-464.05975518
-464.05934160
-464.05896189
-464.05862202
-464.05832635
-464.05807955
-464.05788378
-464.05774145
-464.05765427
-464.05762237
-464.05764548
-464.05772201
-464.05784981
-464.05802574
-464.05824596
-464.05850688
-464.05880270
-464.05912867
-464.05948106
-464.05985259
-464.06023721
-464.06062982
-464.06102413
-464.06141487
-464.06179781
-464.06216810
-464.06252111
-464.06285358
-464.06316243
-464.06344523
-464.06369837
-464.06392049
-464.06411024
-464.06426748
-464.06439116
-464.06448151
-464.06453980
-464.06456634
-464.06456273
-464.06453165
-464.06447453
-464.06439351
-464.06429130
-464.06417226
-464.06403839
-464.06389301
-464.06373994
-464.06358445
-464.06342922
-464.06327799
-464.06313454
-464.06300395
-464.06288861
-464.06279122
-464.06271402
-464.06265916
-464.06262767
-464.06262096
-464.06263785
-464.06267800
-464.06274034
-464.06282135
-464.06291862
-464.06302788
-464.06314591
-464.06326800
-464.06338859
-464.06350286
-464.06360657
-464.06369292
-464.06375725
-464.06379511
-464.06380158
-464.06377286
-464.06370632
-464.06359841
-464.06344695
-464.06325079
-464.06300947
-464.06272453
-464.06239677
-464.06202965
-464.06162658
-464.06119387
-464.06073668
-464.06026170
-464.05977694
-464.05929125
-464.05881334
-464.05835314
-464.05792030
-464.05752442
-464.05717438
-464.05687833
-464.05664456
-464.05647831
-464.05638404
-464.05636519
-464.05642207
-464.05655643
-464.05676301
-464.05703922
-464.05737767
-464.05777120
-464.05821105
-464.05868830
-464.05919185
-464.05971042
-464.06023187
-464.06074660
-464.06124219
-464.06170999
-464.06213876
-464.06252080
-464.06284833
-464.06311673
-464.06332060
-464.06345802
-464.06352845
-464.06353194
-464.06347237
-464.06335298
-464.06317965
-464.06296108
-464.06270463
-464.06241948
-464.06211662
-464.06180832
-464.06150604
-464.06122002
-464.06096047
-464.06073604
-464.06055431
-464.06042135
-464.06033890
-464.06031088
-464.06033567
-464.06041112
-464.06053316
-464.06069527
-464.06088993
-464.06110849
-464.06134140
-464.06157784
-464.06180851
-464.06202385
-464.06221183
-464.06236529
-464.06247488
-464.06253582
-464.06254006
-464.06248484
-464.06236800
-464.06218690
-464.06194219
-464.06163710
-464.06127349
-464.06085585
-464.06039128
-464.05988484
-464.05934708
-464.05878513
-464.05820813
-464.05762602
-464.05704985
-464.05648864
-464.05595117
-464.05544770
-464.05498519
-464.05457150
-464.05421174
-464.05391199
-464.05367414
-464.05350159
-464.05339413
-464.05335111
-464.05337088
-464.05345031
-464.05358518
-464.05377076
-464.05400194
-464.05427238
-464.05457581
-464.05490676
-464.05525771
-464.05562323
-464.05599684
-464.05637459
-464.05675112
-464.05712073
-464.05748074
-464.05782649
-464.05815564
-464.05846497
-464.05875283
-464.05901622
-464.05925410
-464.05946535
-464.05964738
-464.05979984
-464.05992219
-464.06001400
-464.06007513
-464.06010655
-464.06010821
-464.06008255
-464.06003126
-464.05995616
-464.05986067
-464.05974782
-464.05962123
-464.05948580
-464.05934603
-464.05920638
-464.05907280
-464.05894872
-464.05883925
-464.05874924
-464.05868119
-464.05863961
-464.05862737
-464.05864482
-464.05869450
-464.05877590
-464.05888772
-464.05902914
-464.05919781
-464.05939028
-464.05960265
-464.05983027
-464.06006944
-464.06031509
-464.06056027
-464.06080145
-464.06103296
-464.06124924
-464.06144502
-464.06161640
-464.06175838
-464.06186657
-464.06193737
-464.06197003
-464.06195979
-464.06190792
-464.06181252
-464.06167436
-464.06149482
-464.06127635
-464.06102225
-464.06073655
-464.06042388
-464.06009051
-464.05974254
-464.05938621
-464.05902938
-464.05868002
-464.05834511
-464.05803107
-464.05774573
-464.05749559
-464.05728611
-464.05712240
-464.05700731
-464.05694410
-464.05693382
-464.05697501
-464.05706662
-464.05720581
-464.05738746
-464.05760893
-464.05786084
-464.05813815
-464.05843169
-464.05873514
-464.05903801
-464.05933382
-464.05961373
-464.05987266
-464.06010179
-464.06029569
-464.06045021
-464.06056025
-464.06062493
-464.06064074
-464.06060850
-464.06052929
-464.06040487
-464.06023852
-464.06003570
-464.05980140
-464.05954414
-464.05926939
-464.05898677
-464.05870372
-464.05842929
-464.05817212
-464.05794127
-464.05774451
-464.05758941
-464.05748213
-464.05742824
-464.05743081
-464.05749347
-464.05761673
-464.05779893
-464.05803888
-464.05833227
-464.05867272
-464.05905401
-464.05946789
-464.05990667
-464.06035998
-464.06081702
-464.06127031
-464.06170845
-464.06212382
-464.06250660
-464.06285034
-464.06314802
-464.06339365
-464.06358415
-464.06371541
-464.06378627
-464.06379541
-464.06374470
-464.06363496
-464.06347026
-464.06325355
-464.06299035
-464.06268533
-464.06234621
-464.06197882
-464.06159160
-464.06119181
-464.06078602
-464.06038370
-464.05999086
-464.05961524
-464.05926278
-464.05893989
-464.05865095
-464.05840071
-464.05819271
-464.05802848
-464.05790941
-464.05783575
-464.05780668
-464.05782003
-464.05787246
-464.05796211
-464.05808236
-464.05822939
-464.05839613
-464.05857877
-464.05876969
-464.05896281
-464.05915345
-464.05933461
-464.05950155
-464.05964886
-464.05977119
-464.05986700
-464.05993185
-464.05996409
-464.05996223
-464.05992533
-464.05985245
-464.05974560
-464.05960497
-464.05943383
-464.05923369
-464.05900917
-464.05876397
-464.05850158
-464.05822795
-464.05794768
-464.05766669
-464.05739020
-464.05712425
-464.05687408
-464.05664628
-464.05644601
-464.05627782
-464.05614669
-464.05605615
-464.05601019
-464.05601134
-464.05606028
-464.05615802
-464.05630412
-464.05649892
-464.05674026
-464.05702445
-464.05735036
-464.05771162
-464.05810502
-464.05852420
-464.05896488
-464.05941984
-464.05988559
-464.06035346
-464.06081943
-464.06127694
-464.06172072
-464.06214555
-464.06254687
-464.06292157
-464.06326483
-464.06357379
-464.06384644
-464.06408001
-464.06427340
-464.06442597
-464.06453727
-464.06460856
-464.06464035
-464.06463617
-464.06459684
-464.06452634
-464.06442750
-464.06430525
-464.06416418
-464.06401033
-464.06384775
-464.06368222
-464.06351848
-464.06336213
-464.06321794
-464.06309115
-464.06298439
-464.06290125
-464.06284317
-464.06281315
-464.06280965
-464.06283412
-464.06288356
-464.06295610
-464.06304808
-464.06315573
-464.06327362
-464.06339888
-464.06352300
-464.06364228
-464.06374902
-464.06383846
-464.06390352
-464.06394025
-464.06394343
-464.06390840
-464.06383248
-464.06371351
-464.06355079
-464.06334442
-464.06309578
-464.06280708
-464.06248255
-464.06212650
-464.06174676
-464.06135079
-464.06094587
-464.06054271
-464.06015171
-464.05978367
-464.05944935
-464.05915964
-464.05892476
-464.05875338
-464.05865315
-464.05863021
-464.05868901
-464.05883148
-464.05905809
-464.05936636
-464.05975204
-464.06020903
-464.06072899
-464.06130244
-464.06191902
-464.06256617
-464.06323275
-464.06390442
-464.06456959
-464.06521614
-464.06583079
-464.06640474
-464.06692750
-464.06739087
-464.06778937
-464.06811736
-464.06837343
-464.06855457
-464.06866139
-464.06869646
-464.06866429
-464.06856930
-464.06841867
-464.06821991
-464.06798273
-464.06771692
-464.06743305
-464.06714137
-464.06685251
-464.06657609
-464.06632085
-464.06609531
-464.06590699
-464.06576096
-464.06566152
-464.06561101
-464.06561043
-464.06565834
-464.06575295
-464.06589002
-464.06606513
-464.06627062
-464.06650209
-464.06675006
-464.06700738
-464.06726614
-464.06751737
-464.06775348
-464.06796761
-464.06815176
-464.06830021
-464.06840781
-464.06847200
-464.06848825
-464.06845450
-464.06837075
-464.06823801
-464.06805850
-464.06783544
-464.06757357
-464.06727828
-464.06695652
-464.06661464
-464.06626038
-464.06590212
-464.06554841
-464.06520835
-464.06488898
-464.06459847
-464.06434215
-464.06412504
-464.06395317
-464.06382788
-464.06375116
-464.06372383
-464.06374523
-464.06381212
-464.06392218
-464.06407010
-464.06425168
-464.06446042
-464.06469222
-464.06493904
-464.06519648
-464.06545766
-464.06571600
-464.06596882
-464.06620817
-464.06643172
-464.06663434
-464.06681340
-464.06696650
-464.06709104
-464.06718717
-464.06725404
-464.06729295
-464.06730487
-464.06729156
-464.06725619
-464.06720212
-464.06713251
-464.06705048
-464.06696164
-464.06687042
-464.06678101
-464.06669788
-464.06662510
-464.06656605
-464.06652512
-464.06650440
-464.06650622
-464.06653190
-464.06658253
-464.06665761
-464.06675611
-464.06687596
-464.06701464
-464.06716902
-464.06733541
-464.06750985
-464.06768818
-464.06786552
-464.06803700
-464.06819883
-464.06834639
-464.06847482
-464.06858198
-464.06866261
-464.06871602
-464.06873877
-464.06872888
-464.06868480
-464.06860569
-464.06849189
-464.06834327
-464.06816001
-464.06794355
-464.06769504
-464.06741611
-464.06710922
-464.06677687
-464.06642155
-464.06604652
-464.06565492
-464.06525011
-464.06483585
-464.06441572
-464.06399364
-464.06357310
-464.06315904
-464.06275417
-464.06236315
-464.06198858
-464.06163467
-464.06130365
-464.06099871
-464.06072179
-464.06047543
-464.06026010
-464.06007882
-464.05992976
-464.05981584
-464.05973472
-464.05968636
-464.05966923
-464.05968210
-464.05972189
-464.05978956
-464.05987967
-464.05999005
-464.06011704
-464.06025792
-464.06040994
-464.06056768
-464.06072925
-464.06088765
-464.06104252
-464.06118724
-464.06131826
-464.06143235
-464.06152576
-464.06159562
-464.06163940
-464.06165442
-464.06164073
-464.06159742
-464.06152431
-464.06142197
-464.06129297
-464.06114038
-464.06096735
-464.06077702
-464.06057526
-464.06036739
-464.06015838
-464.05995547
-464.05976386
-464.05958990
-464.05943887
-464.05931604
-464.05922495
-464.05917030
-464.05915395
-464.05917760
-464.05924192
-464.05934577
-464.05948786
-464.05966451
-464.05987221
-464.06010539
-464.06035907
-464.06062594
-464.06090010
-464.06117327
-464.06143914
-464.06168930
-464.06191800
-464.06211784
-464.06228206
-464.06240711
-464.06248754
-464.06251899
-464.06250052
-464.06242931
-464.06230530
-464.06213021
-464.06190511
-464.06163453
-464.06132225
-464.06097377
-464.06059560
-464.06019459
-464.05977789
-464.05935343
-464.05892977
-464.05851353
-464.05811300
-464.05773488
-464.05738590
-464.05707077
-464.05679459
-464.05656070
-464.05637050
-464.05622617
-464.05612619
-464.05607072
-464.05605628
-464.05608015
-464.05613750
-464.05622550
-464.05633755
-464.05646847
-464.05661158
-464.05676465
-464.05691976
-464.05707147
-464.05721594
-464.05734785
-464.05746532
-464.05756290
-464.05764029
-464.05769355
-464.05772386
-464.05772992
-464.05771241
-464.05767229
-464.05761057
-464.05753133
-464.05743677
-464.05733052
-464.05721545
-464.05709705
-464.05697715
-464.05686125
-464.05675347
-464.05665731
-464.05657705
-464.05651496
-464.05647490
-464.05645872
-464.05646733
-464.05650270
-464.05656384
-464.05665241
-464.05676618
-464.05690479
-464.05706553
-464.05724765
-464.05744801
-464.05766335
-464.05789210
-464.05812981
-464.05837486
-464.05862377
-464.05887341
-464.05911999
-464.05936354
-464.05959984
-464.05982601
-464.06004239
-464.06024478
-464.06043400
-464.06060710
-464.06076377
-464.06090232
-464.06102372
-464.06112583
-464.06121038
-464.06127614
-464.06132239
-464.06135145
-464.06136194
-464.06135456
-464.06132896
-464.06128793
-464.06123015
-464.06115631
-464.06106837
-464.06096672
-464.06085159
-464.06072576
-464.06059009
-464.06044501
-464.06029417
-464.06013807
-464.05997952
-464.05982015
-464.05966300
-464.05951019
-464.05936441
-464.05922778
-464.05910403
-464.05899504
-464.05890367
-464.05883139
-464.05878218
-464.05875648
-464.05875608
-464.05878155
-464.05883513
-464.05891601
-464.05902371
-464.05915743
-464.05931613
-464.05949693
-464.05969806
-464.05991530
-464.06014628
-464.06038510
-464.06062878
-464.06087080
-464.06110734
-464.06133219
-464.06154130
-464.06172884
-464.06189107
-464.06202292
-464.06212161
-464.06218322
-464.06220720
-464.06219171
-464.06213684
-464.06204442
-464.06191582
-464.06175579
-464.06156814
-464.06135933
-464.06113595
-464.06090592
-464.06067787
-464.06046053
-464.06026196
-464.06009131
-464.05995654
-464.05986536
-464.05982296
-464.05983513
-464.05990447
-464.06003331
-464.06022048
-464.06046518
-464.06076262
-464.06110779
-464.06149388
-464.06191215
-464.06235228
-464.06280611
-464.06326094
-464.06370638
-464.06413234
-464.06452733
-464.06488362
-464.06519153
-464.06544323
-464.06563478
-464.06576112
-464.06582135
-464.06581354
-464.06573926
-464.06560265
-464.06540733
-464.06515953
-464.06486762
-464.06454006
-464.06418574
-464.06381436
-464.06343635
-464.06306107
-464.06269832
-464.06235587
-464.06204227
-464.06176391
-464.06152375
-464.06132624
-464.06117156
-464.06106050
-464.06099051
-464.06095836
-464.06096007
-464.06098938
-464.06104037
-464.06110575
-464.06117752
-464.06124960
-464.06131476
-464.06136586
-464.06139545
-464.06140099
-464.06137567
-464.06131668
-464.06122200
-464.06108946
-464.06091975
-464.06071288
-464.06047123
-464.06019725
-464.05989530
-464.05956921
-464.05922498
-464.05886724
-464.05850341
-464.05813873
-464.05778059
-464.05743512
-464.05710962
-464.05681037
-464.05654346
-464.05631335
-464.05612444
-464.05598154
-464.05588779
-464.05584568
-464.05585697
-464.05592223
-464.05604152
-464.05621428
-464.05643726
-464.05670931
-464.05702679
-464.05738542
-464.05778092
-464.05820810
-464.05866194
-464.05913659
-464.05962689
-464.06012686
-464.06063060
-464.06113147
-464.06162585
-464.06210739
-464.06257033
-464.06301077
-464.06342504
-464.06380971
-464.06415918
-464.06447272
-464.06474696
-464.06498057
-464.06517340
-464.06532546
-464.06543603
-464.06550739
-464.06554101
-464.06553964
-464.06550549
-464.06544283
-464.06535484
-464.06524686
-464.06512293
-464.06498918
-464.06484946
-464.06470929
-464.06457321
-464.06444590
-464.06433095
-464.06423259
-464.06415308
-464.06409439
-464.06405695
-464.06404028
-464.06404559
-464.06406879
-464.06410910
-464.06416233
-464.06422595
-464.06429375
-464.06436200
-464.06442519
-464.06447901
-464.06451910
-464.06453999
-464.06453939
-464.06451332
-464.06446052
-464.06437849
-464.06426638
-464.06412448
-464.06395331
-464.06375465
-464.06353120
-464.06328621
-464.06302362
-464.06274878
-464.06246513
-464.06217900
-464.06189505
-464.06161878
-464.06135538
-464.06110929
-464.06088562
-464.06068826
-464.06052100
-464.06038643
-464.06028772
-464.06022572
-464.06020174
-464.06021495
-464.06026532
-464.06035099
-464.06046999
-464.06061924
-464.06079566
-464.06099538
-464.06121338
-464.06144559
-464.06168760
-464.06193322
-464.06217947
-464.06242078
-464.06265341
-464.06287260
-464.06307425
-464.06325662
-464.06341584
-464.06354888
-464.06365490
-464.06373202
-464.06377955
-464.06379703
-464.06378508
-464.06374408
-464.06367580
-464.06358159
-464.06346393
-464.06332523
-464.06316880
-464.06299814
-464.06281611
-464.06262671
-464.06243418
-464.06224130
-464.06205263
-464.06187153
-464.06170131
-464.06154643
-464.06140892
-464.06129033
-464.06119418
-464.06112166
-464.06107279
-464.06104866
-464.06104955
-464.06107377
-464.06112068
-464.06118780
-464.06127381
-464.06137459
-464.06148923
-464.06161311
-464.06174230
-464.06187407
-464.06200480
-464.06212963
-464.06224784
-464.06235378
-464.06244512
-464.06251894
-464.06257320
-464.06260595
-464.06261595
-464.06260206
-464.06256421
-464.06250227
-464.06241709
-464.06230959
-464.06218150
-464.06203483
-464.06187207
-464.06169603
-464.06150991
-464.06131729
-464.06112164
-464.06092718
-464.06073743
-464.06055668
-464.06038853
-464.06023685
-464.06010530
-464.05999644
-464.05991458
-464.05986082
-464.05983794
-464.05984694
-464.05988888
-464.05996377
-464.06007067
-464.06021010
-464.06037884
-464.06057546
-464.06079627
-464.06103844
-464.06129778
-464.06157139
-464.06185418
-464.06214273
-464.06243180
-464.06271869
-464.06299782
-464.06326595
-464.06351863
-464.06375419
-464.06396864
-464.06416039
-464.06432770
-464.06446949
-464.06458591
-464.06467709
-464.06474410
-464.06478878
-464.06481339
-464.06482066
-464.06481339
-464.06479530
-464.06476956
-464.06474121
-464.06471417
-464.06469282
-464.06468182
-464.06468490
-464.06470548
-464.06474739
-464.06481222
-464.06490234
-464.06501845
-464.06516097
-464.06532930
-464.06552219
-464.06573678
-464.06597037
-464.06621855
-464.06647701
-464.06674019
-464.06700410
-464.06726160
-464.06750908
-464.06773984
-464.06794925
-464.06813200
-464.06828553
-464.06840549
-464.06849021
-464.06853713
-464.06854637
-464.06851775
-464.06845101
-464.06834896
-464.06821323
-464.06804736
-464.06785378
-464.06763710
-464.06740068
-464.06714906
-464.06688618
-464.06661624
-464.06634324
-464.06607091
-464.06580244
-464.06554131
-464.06528944
-464.06505043
-464.06482449
-464.06461255
-464.06441511
-464.06423248
-464.06406345
-464.06390790
-464.06376368
-464.06363016
-464.06350544
-464.06338882
-464.06327746
-464.06317114
-464.06306697
-464.06296374
-464.06286165
-464.06275810
-464.06265383
-464.06254747
-464.06244006
-464.06233070
-464.06222073
-464.06210830
-464.06199565
-464.06188088
-464.06176391
-464.06164478
-464.06152348
-464.06139841
-464.06126961
-464.06113715
-464.06099964
-464.06085731
-464.06070941
-464.06055816
-464.06040342
-464.06024690
-464.06009150
-464.05993939
-464.05979290
-464.05965700
-464.05953484
-464.05943015
-464.05934627
-464.05928821
-464.05925996
-464.05926378
-464.05930162
-464.05937591
-464.05948744
-464.05963516
-464.05981896
-464.06003542
-464.06028150
-464.06055263
-464.06084387
-464.06114910
-464.06146184
-464.06177495
-464.06208145
-464.06237444
-464.06264662
-464.06289167
-464.06310413
-464.06327769
-464.06340877
-464.06349369
-464.06353059
-464.06351897
-464.06345891
-464.06335160
-464.06320051
-464.06300946
-464.06278346
-464.06252895
-464.06225171
-464.06196041
-464.06166280
-464.06136695
-464.06108019
-464.06081114
-464.06056575
-464.06035066
-464.06017031
-464.06002984
-464.05993129
-464.05987662
-464.05986597
-464.05989758
-464.05996956
-464.06007784
-464.06021820
-464.06038432
-464.06057179
-464.06077344
-464.06098210
-464.06119244
-464.06139746
-464.06159070
-464.06176922
-464.06192617
-464.06206029
-464.06216843
-464.06224875
-464.06230207
-464.06232890
-464.06233190
-464.06231360
-464.06227927
-464.06223281
-464.06218046
-464.06212755
-464.06207955
-464.06204326
-464.06202349
-464.06202669
-464.06205669
-464.06211886
-464.06221552
-464.06234838
-464.06251927
-464.06272690
-464.06297058
-464.06324845
-464.06355560
-464.06388930
-464.06424307
-464.06461386
-464.06499395
-464.06537842
-464.06576075
-464.06613554
-464.06649704
-464.06684068
-464.06716180
-464.06745713
-464.06772382
-464.06796020
-464.06816485
-464.06833748
-464.06847870
-464.06858810
-464.06866719
-464.06871701
-464.06874034
-464.06873934
-464.06871743
-464.06867844
-464.06862500
-464.06856099
-464.06849050
-464.06841574
-464.06834080
-464.06826830
-464.06820118
-464.06814190
-464.06809178
-464.06805232
-464.06802443
-464.06800901
-464.06800552
-464.06801358
-464.06803173
-464.06805963
-464.06809462
-464.06813556
-464.06817932
-464.06822449
-464.06826838
-464.06830752
-464.06834114
-464.06836641
-464.06838042
-464.06838329
-464.06837177
-464.06834595
-464.06830369
-464.06824608
-464.06817159
-464.06808070
-464.06797334
-464.06785029
-464.06771253
-464.06756129
-464.06739762
-464.06722200
-464.06703779
-464.06684529
-464.06664514
-464.06644000
-464.06623050
-464.06601839
-464.06580535
-464.06559312
-464.06538303
-464.06517607
-464.06497567
-464.06478294
-464.06459915
-464.06442721
-464.06426841
-464.06412553
-464.06400095
-464.06389610
-464.06381346
-464.06375493
-464.06372225
-464.06371648
-464.06373875
-464.06378945
-464.06386872
-464.06397584
-464.06410993
-464.06426858
-464.06445099
-464.06465243
-464.06487120
-464.06510165
-464.06534060
-464.06558220
-464.06582321
-464.06605763
-464.06628218
-464.06649140
-464.06668206
-464.06684979
-464.06699314
-464.06710896
-464.06719571
-464.06725226
-464.06727998
-464.06727882
-464.06725048
-464.06719729
-464.06712209
-464.06702875
-464.06692009
-464.06680108
-464.06667562
-464.06654734
-464.06642078
-464.06629904
-464.06618479
-464.06608158
-464.06599172
-464.06591697
-464.06585761
-464.06581576
-464.06578941
-464.06577865
-464.06578106
-464.06579558
-464.06581864
-464.06584879
-464.06588226
-464.06591527
-464.06594639
-464.06597190
-464.06598859
-464.06599330
-464.06598490
-464.06596021
-464.06591912
-464.06585956
-464.06578023
-464.06568281
-464.06556539
-464.06542967
-464.06527643
-464.06510575
-464.06492123
-464.06472362
-464.06451444
-464.06429730
-464.06407362
-464.06384714
-464.06362003
-464.06339447
-464.06317343
-464.06295876
-464.06275388
-464.06255923
-464.06237713
-464.06220947
-464.06205666
-464.06192038
-464.06180082
-464.06169829
-464.06161224
-464.06154358
-464.06149117
-464.06145413
-464.06143230
-464.06142462
-464.06142912
-464.06144600
-464.06147338
-464.06150992
-464.06155439
-464.06160582
-464.06166219
-464.06172440
-464.06178988
-464.06185754
-464.06192570
-464.06199458
-464.06206277
-464.06212880
-464.06219281
-464.06225375
-464.06231172
-464.06236562
-464.06241568
-464.06246133
-464.06250398
-464.06254337
-464.06258059
-464.06261539
-464.06264944
-464.06268358
-464.06271815
-464.06275594
-464.06279647
-464.06284291
-464.06289489
-464.06295486
-464.06302280
-464.06310095
-464.06318983
-464.06329049
-464.06340346
-464.06352921
-464.06366762
-464.06381862
-464.06398131
-464.06415527
-464.06433855
-464.06452985
-464.06472677
-464.06492776
-464.06512917
-464.06532849
-464.06552351
-464.06571017
-464.06588537
-464.06604682
-464.06619084
-464.06631447
-464.06641572
-464.06649084
-464.06653957
-464.06655870
-464.06654685
-464.06650414
-464.06642897
-464.06632239
-464.06618357
-464.06601552
-464.06581862
-464.06559516
-464.06534733
-464.06507911
-464.06479226
-464.06449167
-464.06417968
-464.06385952
-464.06353607
-464.06321179
-464.06289029
-464.06257393
-464.06226736
-464.06197085
-464.06168753
-464.06141918
-464.06116716
-464.06093181
-464.06071585
-464.06051687
-464.06033797
-464.06017647
-464.06003417
-464.05990898
-464.05980052
-464.05970982
-464.05963445
-464.05957488
-464.05952991
-464.05950000
-464.05948351
-464.05948060
-464.05949051
-464.05951227
-464.05954624
-464.05959050
-464.05964413
-464.05970598
-464.05977564
-464.05985166
-464.05993225
-464.06001650
-464.06010263
-464.06019015
-464.06027807
-464.06036720
-464.06045678
-464.06054672
-464.06063770
-464.06073085
-464.06082828
-464.06093096
-464.06103975
-464.06115737
-464.06128475
-464.06142370
-464.06157497
-464.06173976
-464.06191829
-464.06211006
-464.06231347
-464.06252915
-464.06275393
-464.06298588
-464.06322262
-464.06346086
-464.06369750
-464.06392897
-464.06415290
-464.06436486
-464.06456121
-464.06474053
-464.06489810
-464.06503149
-464.06513907
-464.06521778
-464.06526780
-464.06528780
-464.06527764
-464.06523763
-464.06516968
-464.06507431
-464.06495369
-464.06481084
-464.06464807
-464.06446942
-464.06427818
-464.06407787
-464.06387311
-464.06366677
-464.06346334
-464.06326609
-464.06307736
-464.06290157
-464.06273972
-464.06259458
-464.06246716
-464.06235961
-464.06227143
-464.06220367
-464.06215453
-464.06212493
-464.06211273
-464.06211727
-464.06213514
-464.06216669
-464.06220758
-464.06225593
-464.06231072
-464.06236812
-464.06242564
-464.06248234
-464.06253463
-464.06258277
-464.06262379
-464.06265721
-464.06268214
-464.06269905
-464.06270671
-464.06270624
-464.06269731
-464.06268094
-464.06265849
-464.06263219
-464.06260207
-464.06257179
-464.06254182
-464.06251560
-464.06249517
-464.06248338
-464.06248186
-464.06249330
-464.06252061
-464.06256386
-464.06262626
-464.06270781
-464.06280870
-464.06292968
-464.06307103
-464.06323107
-464.06340879
-464.06360260
-464.06380997
-464.06402969
-464.06425737
-464.06449080
-464.06472654
-464.06496063
-464.06519049
-464.06541146
-464.06562107
-464.06581567
-464.06599232
-464.06614770
-464.06628133
-464.06638945
-464.06647114
-464.06652485
-464.06655165
-464.06654988
-464.06652039
-464.06646449
-464.06638318
-464.06627872
-464.06615228
-464.06600817
-464.06584753
-464.06567423
-464.06549168
-464.06530249
-464.06510967
-464.06491625
-464.06472553
-464.06454000
-464.06436173
-464.06419218
-464.06403349
-464.06388611
-464.06375028
-464.06362691
-464.06351493
-464.06341327
-464.06332053
-464.06323506
-464.06315482
-464.06307756
-464.06300087
-464.06292234
-464.06283971
-464.06275058
-464.06265341
-464.06254603
-464.06242716
-464.06229573
-464.06215173
-464.06199499
-464.06182626
-464.06164613
-464.06145623
-464.06125826
-464.06105378
-464.06084605
-464.06063778
-464.06043094
-464.06022788
-464.06003194
-464.05984615
-464.05967180
-464.05951179
-464.05936823
-464.05924210
-464.05913574
-464.05904988
-464.05898495
-464.05894129
-464.05891901
-464.05891784
-464.05893734
-464.05897685
-464.05903552
-464.05911229
-464.05920676
-464.05931657
-464.05944212
-464.05958105
-464.05973236
-464.05989507
-464.06006795
-464.06025007
-464.06044021
-464.06063753
-464.06084084
-464.06104919
-464.06126147
-464.06147667
-464.06169354
-464.06191087
-464.06212765
-464.06234244
-464.06255386
-464.06276054
-464.06296148
-464.06315515
-464.06334024
-464.06351519
-464.06367870
-464.06382975
-464.06396760
-464.06409148
-464.06420093
-464.06429545
-464.06437490
-464.06443968
-464.06449037
-464.06452762
-464.06455217
-464.06456541
-464.06456867
-464.06456316
-464.06455031
-464.06453184
-464.06450927
-464.06448396
-464.06445731
-464.06443045
-464.06440375
-464.06437952
-464.06435723
-464.06433683
-464.06431966
-464.06430462
-464.06429212
-464.06428107
-464.06427183
-464.06426257
-464.06425344
-464.06424291
-464.06423014
-464.06421422
-464.06419439
-464.06416988
-464.06414001
-464.06410484
-464.06406329
-464.06401537
-464.06396185
-464.06390216
-464.06383714
-464.06376803
-464.06369509
-464.06361994
-464.06354422
-464.06346844
-464.06339604
-464.06332712
-464.06326409
-464.06320824
-464.06316265
-464.06312819
-464.06310637
-464.06310040
-464.06310994
-464.06313620
-464.06317992
-464.06324224
-464.06332246
-464.06342141
-464.06353765
-464.06367047
-464.06381927
-464.06398204
-464.06415747
-464.06434256
-464.06453693
-464.06473658
-464.06493999
-464.06514403
-464.06534717
-464.06554697
-464.06574041
-464.06592600
-464.06610123
-464.06626525
-464.06641573
-464.06655154
-464.06667125
-464.06677605
-464.06686362
-464.06693585
-464.06699166
-464.06703353
-464.06706115
-464.06707620
-464.06708017
-464.06707423
-464.06706041
-464.06704139
-464.06701803
-464.06699294
-464.06696708
-464.06694210
-464.06692086
-464.06690315
-464.06689075
-464.06688410
-464.06688384
-464.06689064
-464.06690399
-464.06692319
-464.06694586
-464.06697213
-464.06699978
-464.06702594
-464.06704976
-464.06706830
-464.06707899
-464.06708072
-464.06707045
-464.06704628
-464.06700687
-464.06695011
-464.06687566
-464.06678329
-464.06667208
-464.06654291
-464.06639642
-464.06623394
-464.06605717
-464.06586955
-464.06567251
-464.06546913
-464.06526279
-464.06505748
-464.06485598
-464.06466172
-464.06447800
-464.06430795
-464.06415420
-464.06401871
-464.06390401
-464.06381068
-464.06374026
-464.06369195
-464.06366551
-464.06365958
-464.06367343
-464.06370407
-464.06374930
-464.06380612
-464.06387260
-464.06394562
-464.06402197
-464.06409931
-464.06417602
-464.06425000
-464.06432028
-464.06438593
-464.06444619
-464.06450096
-464.06455112
-464.06459820
-464.06464253
-464.06468602
-464.06473093
-464.06477837
-464.06483022
-464.06488782
-464.06495181
-464.06502352
-464.06510243
-464.06518834
-464.06528055
-464.06537799
-464.06547884
-464.06558221
-464.06568562
-464.06578809
-464.06588675
-464.06597989
-464.06606626
-464.06614406
-464.06621237
-464.06627149
-464.06631996
-464.06635834
-464.06638665
-464.06640546
-464.06641530
-464.06641725
-464.06641168
-464.06639990
-464.06638242
-464.06636048
-464.06633442
-464.06630511
-464.06627283
-464.06623816
-464.06620119
-464.06616189
-464.06612058
-464.06607673
-464.06603033
-464.06598087
-464.06592823
-464.06587178
-464.06581144
-464.06574667
-464.06567727
-464.06560292
-464.06552400
-464.06544002
-464.06535167
-464.06525868
-464.06516174
-464.06506128
-464.06495806
-464.06485263
-464.06474659
-464.06463966
-464.06453411
-464.06442989
-464.06432837
-464.06423057
-464.06413763
-464.06404986
-464.06396809
-464.06389300
-464.06382497
-464.06376371
-464.06371045
-464.06366418
-464.06362499
-464.06359184
-464.06356540
-464.06354408
-464.06352721
-464.06351334
-464.06350276
-464.06349371
-464.06348542
-464.06347704
-464.06346769
-464.06345663
-464.06344247
-464.06342573
-464.06340531
-464.06338118
-464.06335295
-464.06332157
-464.06328695
-464.06324981
-464.06321045
-464.06317065
-464.06313104
-464.06309270
-464.06305697
-464.06302525
-464.06299818
-464.06297872
-464.06296624
-464.06296373
-464.06297101
-464.06298833
-464.06301743
-464.06305836
-464.06311035
-464.06317246
-464.06324517
-464.06332705
-464.06341606
-464.06350978
-464.06360807
-464.06370714
-464.06380497
-464.06389766
-464.06398455
-464.06406192
-464.06412743
-464.06417833
-464.06421410
-464.06423149
-464.06423078
-464.06421037
-464.06416956
-464.06410964
-464.06403092
-464.06393395
-464.06382159
-464.06369477
-464.06355724
-464.06341144
-464.06325997
-464.06310710
-464.06295620
-464.06280990
-464.06267213
-464.06254566
-464.06243373
-464.06233865
-464.06226196
-464.06220586
-464.06217084
-464.06215618
-464.06216293
-464.06218834
-464.06223203
-464.06229069
-464.06236216
-464.06244249
-464.06252924
-464.06261788
-464.06270602
-464.06278977
-464.06286607
-464.06293170
-464.06298573
-464.06302592
-464.06305113
-464.06306035
-464.06305544
-464.06303716
-464.06300585
-464.06296461
-464.06291574
-464.06286134
-464.06280584
-464.06275215
-464.06270350
-464.06266230
-464.06263300
-464.06261725
-464.06261625
-464.06263213
-464.06266572
-464.06271672
-464.06278585
-464.06287182
-464.06297336
-464.06308835
-464.06321536
-464.06335125
-464.06349461
-464.06364131
-464.06379042
-464.06393776
-464.06408178
-464.06421929
-464.06434951
-464.06446964
-464.06457861
-464.06467455
-464.06475826
-464.06482877
-464.06488494
-464.06492826
-464.06495835
-464.06497631
-464.06498227
-464.06497811
-464.06496394
-464.06494184
-464.06491236
-464.06487709
-464.06483679
-464.06479309
-464.06474650
-464.06469845
-464.06464894
-464.06459977
-464.06455088
-464.06450281
-464.06445526
-464.06440912
-464.06436378
-464.06432003
-464.06427722
-464.06423576
-464.06419458
-464.06415511
-464.06411649
-464.06407783
-464.06404030
-464.06400266
-464.06396601
-464.06392920
-464.06389362
-464.06385892
-464.06382448
-464.06379171
-464.06376044
-464.06373095
-464.06370342
-464.06367737
-464.06365444
-464.06363413
-464.06361569
-464.06360157
-464.06359014
-464.06358129
-464.06357599
-464.06357292
-464.06357322
-464.06357578
-464.06358084
-464.06358676
-464.06359528
-464.06360397
-464.06361358
-464.06362286
-464.06363225
-464.06364044
-464.06364778
-464.06365301
-464.06365694
-464.06365824
-464.06365792
-464.06365448
-464.06365010
-464.06364308
-464.06363516
-464.06362600
-464.06361604
-464.06360662
-464.06359848
-464.06359172
-464.06358838
-464.06358876
-464.06359362
-464.06360449
-464.06362202
-464.06364625
-464.06367897
-464.06371995
-464.06376939
-464.06382734
-464.06389324
-464.06396727
-464.06404895
-464.06413660
-464.06422901
-464.06432609
-464.06442568
-464.06452652
-464.06462612
-464.06472559
-464.06482054
-464.06491102
-464.06499412
-464.06507017
-464.06513715
-464.06519328
-464.06523954
-464.06527494
-464.06529919
-464.06531209
-464.06531517
-464.06530885
-464.06529370
-464.06527052
-464.06524174
-464.06520871
-464.06517222
-464.06513557
-464.06510025
-464.06506727
-464.06503932
-464.06501730
-464.06500370
-464.06499895
-464.06500493
-464.06502204
-464.06504956
-464.06508927
-464.06513943
-464.06519967
-464.06526919
-464.06534566
-464.06542824
-464.06551454
-464.06560135
-464.06568813
-464.06577070
-464.06584675
-464.06591441
-464.06597120
-464.06601495
-464.06604381
-464.06605757
-464.06605470
-464.06603518
-464.06599896
-464.06594713
-464.06588036
-464.06580072
-464.06571007
-464.06561138
-464.06550726
-464.06540027
-464.06529521
-464.06519389
-464.06510027
-464.06501706
-464.06494815
-464.06489542
-464.06486154
-464.06484814
-464.06485698
-464.06488853
-464.06494332
-464.06502088
-464.06512065
-464.06524118
-464.06538070
-464.06553721
-464.06570827
-464.06589067
-464.06608316
-464.06628147
-464.06648400
-464.06668710
-464.06688855
-464.06708705
-464.06727950
-464.06746539
-464.06764349
-464.06781258
-464.06797181
-464.06812257
-464.06826340
-464.06839463
-464.06851744
-464.06863249
-464.06873999
-464.06884187
-464.06893751
-464.06902864
-464.06911547
-464.06919880
-464.06927849
-464.06935468
-464.06942810
-464.06949800
-464.06956479
-464.06962852
-464.06968806
-464.06974405
-464.06979608
-464.06984366
-464.06988634
-464.06992348
-464.06995597
-464.06998285
-464.07000409
-464.07001961
-464.07002956
-464.07003352
-464.07003191
-464.07002408
-464.07001051
-464.06999124
-464.06996590
-464.06993532
-464.06989820
-464.06985616
-464.06980832
-464.06975478
-464.06969572
-464.06963052
-464.06956081
-464.06948628
-464.06940692
-464.06932350
-464.06923634
-464.06914717
-464.06905593
-464.06896405
-464.06887239
-464.06878256
-464.06869624
-464.06861388
-464.06853715
-464.06846797
-464.06840721
-464.06835661
-464.06831727
-464.06829031
-464.06827617
-464.06827659
-464.06829133
-464.06832009
-464.06836361
-464.06842097
-464.06849210
-464.06857479
-464.06866877
-464.06877203
-464.06888249
-464.06899840
-464.06911777
-464.06923820
-464.06935709
-464.06947284
-464.06958214
-464.06968295
-464.06977429
-464.06985319
-464.06991894
-464.06996970
-464.07000506
-464.07002363
-464.07002537
-464.07000971
-464.06997734
-464.06992778
-464.06986248
-464.06978238
-464.06968815
-464.06958133
-464.06946280
-464.06933547
-464.06919957
-464.06905679
-464.06890991
-464.06875962
-464.06860754
-464.06845536
-464.06830438
-464.06815690
-464.06801334
-464.06787559
-464.06774448
-464.06762140
-464.06750647
-464.06740170
-464.06730672
-464.06722274
-464.06714922
-464.06708741
-464.06703655
-464.06699654
-464.06696651
-464.06694651
-464.06693559
-464.06693235
-464.06693568
-464.06694462
-464.06695702
-464.06697127
-464.06698611
-464.06700007
-464.06701075
-464.06701703
-464.06701729
-464.06700953
-464.06699262
-464.06696555
-464.06692742
-464.06687660
-464.06681314
-464.06673654
-464.06664634
-464.06654408
-464.06642974
-464.06630434
-464.06616849
-464.06602396
-464.06587253
-464.06571662
-464.06555682
-464.06539669
-464.06523751
-464.06508073
-464.06492943
-464.06478465
-464.06464778
-464.06452102
-464.06440428
-464.06429934
-464.06420592
-464.06412336
-464.06405226
-464.06399152
-464.06393964
-464.06389540
-464.06385745
-464.06382362
-464.06379306
-464.06376282
-464.06373241
-464.06369871
-464.06366121
-464.06361846
-464.06356986
-464.06351433
-464.06345269
-464.06338459
-464.06331004
-464.06323033
-464.06314677
-464.06306076
-464.06297383
-464.06288781
-464.06280435
-464.06272513
-464.06265167
-464.06258601
-464.06252971
-464.06248377
-464.06244931
-464.06242762
-464.06241839
-464.06242135
-464.06243716
-464.06246474
-464.06250350
-464.06255287
-464.06261110
-464.06267753
-464.06275012
-464.06282793
-464.06290906
-464.06299210
-464.06307573
-464.06315830
-464.06323844
-464.06331496
-464.06338668
-464.06345226
-464.06351083
-464.06356133
-464.06360310
-464.06363542
-464.06365767
-464.06366946
-464.06367039
-464.06366038
-464.06363958
-464.06360774
-464.06356503
-464.06351172
-464.06344830
-464.06337526
-464.06329323
-464.06320296
-464.06310483
-464.06300150
-464.06289207
-464.06277901
-464.06266341
-464.06254649
-464.06242966
-464.06231441
-464.06220225
-464.06209438
-464.06199220
-464.06189745
-464.06181042
-464.06173137
-464.06166260
-464.06160347
-464.06155479
-464.06151677
-464.06148974
-464.06147236
-464.06146530
-464.06146686
-464.06147664
-464.06149270
-464.06151542
-464.06154262
-464.06157317
-464.06160477
-464.06163758
-464.06166888
-464.06169831
-464.06172393
-464.06174479
-464.06176030
-464.06176891
-464.06177000
-464.06176287
-464.06174720
-464.06172309
-464.06168977
-464.06164735
-464.06159595
-464.06153655
-464.06146903
-464.06139349
-464.06131241
-464.06122517
-464.06113341
-464.06103767
-464.06094048
-464.06084227
-464.06074373
-464.06064831
-464.06055548
-464.06046803
-464.06038646
-464.06031281
-464.06024835
-464.06019477
-464.06015223
-464.06012231
-464.06010637
-464.06010464
-464.06011723
-464.06014535
-464.06018882
-464.06024711
-464.06032053
-464.06040784
-464.06050898
-464.06062203
-464.06074666
-464.06088065
-464.06102417
-464.06117373
-464.06132823
-464.06148605
-464.06164554
-464.06180437
-464.06196186
-464.06211485
-464.06226316
-464.06240460
-464.06253805
-464.06266250
-464.06277790
-464.06288307
-464.06297841
-464.06306318
-464.06313833
-464.06320431
-464.06326294
-464.06331487
-464.06336063
-464.06340302
-464.06344347
-464.06348211
-464.06352229
-464.06356426
-464.06361037
-464.06366113
-464.06371793
-464.06378008
-464.06384809
-464.06392108
-464.06399780
-464.06407736
-464.06415717
-464.06423462
-464.06430779
-464.06437203
-464.06442550
-464.06446447
-464.06448485
-464.06448362
-464.06445900
-464.06440662
-464.06432592
-464.06421544
-464.06407396
-464.06390160
-464.06370035
-464.06347152
-464.06321728
-464.06294282
-464.06265106
-464.06234823
-464.06203919
-464.06172948
-464.06142550
-464.06113372
-464.06085971
-464.06060887
-464.06038641
-464.06019625
-464.06004284
-464.05992757
-464.05985187
-464.05981801
-464.05982438
-464.05986990
-464.05995300
-464.06007068
-464.06021980
-464.06039660
-464.06059757
-464.06081820
-464.06105479
-464.06130351
-464.06156062
-464.06182326
-464.06208732
-464.06235056
-464.06261145
-464.06286665
-464.06311563
-464.06335712
-464.06359056
-464.06381543
-464.06403067
-464.06423750
-464.06443471
-464.06462396
-464.06480420
-464.06497649
-464.06514083
-464.06529775
-464.06544747
-464.06559074
-464.06572805
-464.06585936
-464.06598396
-464.06610282
-464.06621612
-464.06632359
-464.06642474
-464.06652148
-464.06661253
-464.06669748
-464.06677745
-464.06685238
-464.06692170
-464.06698546
-464.06704355
-464.06709570
-464.06714119
-464.06718057
-464.06721302
-464.06723790
-464.06725483
-464.06726382
-464.06726353
-464.06725447
-464.06723604
-464.06720722
-464.06716875
-464.06711954
-464.06706040
-464.06698988
-464.06691006
-464.06681890
-464.06671857
-464.06660834
-464.06648831
-464.06636091
-464.06622551
-464.06608302
-464.06593511
-464.06578215
-464.06562566
-464.06546724
-464.06530810
-464.06514943
-464.06499322
-464.06484072
-464.06469340
-464.06455295
-464.06442110
-464.06429870
-464.06418795
-464.06408964
-464.06400528
-464.06393589
-464.06388239
-464.06384485
-464.06382582
-464.06382404
-464.06384058
-464.06387498
-464.06392713
-464.06399761
-464.06408456
-464.06418813
-464.06430750
-464.06444094
-464.06458738
-464.06474594
-464.06491458
-464.06509343
-464.06527887
-464.06547154
-464.06566826
-464.06586782
-464.06606888
-464.06627118
-464.06647219
-464.06667157
-464.06686864
-464.06706206
-464.06725109
-464.06743534
-464.06761527
-464.06779047
-464.06796119
-464.06812893
-464.06829317
-464.06845539
-464.06861593
-464.06877675
-464.06893822
-464.06910169
-464.06926858
-464.06944027
-464.06961736
-464.06980172
-464.06999253
-464.07019108
-464.07039642
-464.07060830
-464.07082546
-464.07104695
-464.07127085
-464.07149451
-464.07171539
-464.07192977
-464.07213394
-464.07232529
-464.07249837
-464.07265030
-464.07277550
-464.07287045
-464.07293180
-464.07295576
-464.07294001
-464.07288179
-464.07278078
-464.07263522
-464.07244650
-464.07221539
-464.07194417
-464.07163591
-464.07129481
-464.07092507
-464.07053360
-464.07012633
-464.06970923
-464.06929042
-464.06887695
-464.06847619
-464.06809408
-464.06773695
-464.06741062
-464.06711916
-464.06686629
-464.06665397
-464.06648318
-464.06635416
-464.06626495
-464.06621455
-464.06619789
-464.06621202
-464.06625108
-464.06631035
-464.06638394
-464.06646778
-464.06655591
-464.06664402
-464.06672875
-464.06680660
-464.06687407
-464.06693109
-464.06697539
-464.06700909
-464.06703159
-464.06704588
-464.06705239
-464.06705418
-464.06705408
-464.06705449
-464.06705792
-464.06706705
-464.06708303
-464.06710962
-464.06714600
-464.06719279
-464.06725099
-464.06732016
-464.06739797
-464.06748465
-464.06757779
-464.06767611
-464.06777683
-464.06787837
-464.06797887
-464.06807579
-464.06816582
-464.06824950
-464.06832345
-464.06838651
-464.06843769
-464.06847515
-464.06849991
-464.06851043
-464.06850611
-464.06848794
-464.06845612
-464.06841013
-464.06835164
-464.06828054
-464.06819795
-464.06810467
-464.06800125
-464.06788923
-464.06776955
-464.06764305
-464.06751092
