-464.07053981
-464.07062683
-464.07064420
-464.07059596
-464.07048486
-464.07031667
-464.07009614
-464.06982871
-464.06952359
-464.06918683
-464.06882675
-464.06845172
-464.06806962
-464.06769016
-464.06732029
-464.06696757
-464.06663774
-464.06633934
-464.06607659
-464.06585310
-464.06567305
-464.06553872
-464.06545057
-464.06540831
-464.06541229
-464.06545920
-464.06554631
-464.06566946
-464.06582423
-464.06600515
-464.06620792
-464.06642504
-464.06665208
-464.06688157
-464.06710914
-464.06732920
-464.06753682
-464.06772837
-464.06789981
-464.06804881
-464.06817309
-464.06827082
-464.06834218
-464.06838583
-464.06840330
-464.06839498
-464.06836300
-464.06830790
-464.06823335
-464.06814133
-464.06803384
-464.06791436
-464.06778514
-464.06765002
-464.06751107
-464.06737132
-464.06723303
-464.06709834
-464.06696943
-464.06684787
-464.06673535
-464.06663224
-464.06654030
-464.06645912
-464.06638842
-464.06632805
-464.06627827
-464.06623694
-464.06620345
-464.06617626
-464.06615340
-464.06613475
-464.06611701
-464.06610027
-464.06608169
-464.06606137
-464.06603710
-464.06600845
-464.06597463
-464.06593558
-464.06589063
-464.06584051
-464.06578524
-464.06572585
-464.06566285
-464.06559811
-464.06553293
-464.06546962
-464.06540971
-464.06535608
-464.06531006
-464.06527370
-464.06525007
-464.06524123
-464.06524867
-464.06527559
-464.06532272
-464.06539096
-464.06548386
-464.06560013
-464.06574081
-464.06590594
-464.06609416
-464.06630451
-464.06653538
-464.06678504
-464.06704877
-464.06732512
-464.06760929
-464.06789674
-464.06818453
-464.06846640
-464.06873880
-464.06899612
-464.06923542
-464.06945042
-464.06963862
-464.06979572
-464.06991852
-464.07000551
-464.07005379
-464.07006312
-464.07003218
-464.06996141
-464.06985231
-464.06970621
-464.06952612
-464.06931407
-464.06907347
-464.06880868
-464.06852296
-464.06822266
-464.06791161
-464.06759431
-464.06727634
-464.06696160
-464.06665576
-464.06636238
-464.06608517
-464.06582881
-464.06559695
-464.06539124
-464.06521552
-464.06507139
-464.06496003
-464.06488237
-464.06484000
-464.06483256
-464.06485927
-464.06491957
-464.06501178
-464.06513455
-464.06528450
-464.06546009
-464.06565705
-464.06587262
-464.06610227
-464.06634117
-464.06658616
-464.06683163
-464.06707219
-464.06730457
-464.06752341
-464.06772376
-464.06790217
-464.06805462
-464.06817792
-464.06827007
-464.06832903
-464.06835329
-464.06834077
-464.06829290
-464.06820954
-464.06809188
-464.06794108
-464.06775809
-464.06754645
-464.06730834
-464.06704673
-464.06676541
-464.06646823
-464.06615912
-464.06584268
-464.06552310
-464.06520575
-464.06489499
-464.06459663
-464.06431419
-464.06405305
-464.06381663
-464.06360896
-464.06343300
-464.06329173
-464.06318637
-464.06311984
-464.06309125
-464.06310096
-464.06314885
-464.06323363
-464.06335306
-464.06350552
-464.06368682
-464.06389501
-464.06412512
-464.06437401
-464.06463663
-464.06490923
-464.06518681
-464.06546593
-464.06574125
-464.06600992
-464.06626755
-464.06651121
-464.06673721
-464.06694372
-464.06712845
-464.06729013
-464.06742681
-464.06753787
-464.06762373
-464.06768420
-464.06771946
-464.06772999
-464.06771718
-464.06768304
-464.06762747
-464.06755419
-464.06746322
-464.06735795
-464.06723976
-464.06711109
-464.06697365
-464.06682990
-464.06668338
-464.06653495
-464.06638824
-464.06624446
-464.06610594
-464.06597517
-464.06585322
-464.06574249
-464.06564433
-464.06555938
-464.06548935
-464.06543452
-464.06539503
-464.06537107
-464.06536287
-464.06536919
-464.06538937
-464.06542283
-464.06546891
-464.06552464
-464.06559062
-464.06566343
-464.06574315
-464.06582827
-464.06591613
-464.06600576
-464.06609637
-464.06618636
-464.06627406
-464.06635967
-464.06644076
-464.06651866
-464.06659082
-464.06665730
-464.06671702
-464.06677015
-464.06681550
-464.06685259
-464.06688044
-464.06689900
-464.06690628
-464.06690358
-464.06688890
-464.06686138
-464.06682139
-464.06676714
-464.06669875
-464.06661499
-464.06651600
-464.06640170
-464.06627176
-464.06612618
-464.06596553
-464.06579210
-464.06560557
-464.06540832
-464.06520241
-464.06498953
-464.06477166
-464.06455246
-464.06433362
-464.06411924
-464.06391206
-464.06371401
-464.06352895
-464.06335881
-464.06320612
-464.06307340
-464.06296195
-464.06287342
-464.06281009
-464.06277138
-464.06275772
-464.06276902
-464.06280577
-464.06286558
-464.06294869
-464.06305234
-464.06317439
-464.06331348
-464.06346764
-464.06363297
-464.06380829
-464.06398934
-464.06417321
-464.06435874
-464.06454148
-464.06471945
-464.06489023
-464.06505187
-464.06520228
-464.06533965
-464.06546416
-464.06557297
-464.06566656
-464.06574499
-464.06580754
-464.06585582
-464.06588950
-464.06591018
-464.06591864
-464.06591732
-464.06590652
-464.06588870
-464.06586521
-464.06583744
-464.06580734
-464.06577539
-464.06574457
-464.06571458
-464.06568741
-464.06566227
-464.06564111
-464.06562307
-464.06560828
-464.06559603
-464.06558548
-464.06557660
-464.06556747
-464.06555730
-464.06554452
-464.06552756
-464.06550495
-464.06547528
-464.06543649
-464.06538872
-464.06532915
-464.06525832
-464.06517483
-464.06507845
-464.06496921
-464.06484812
-464.06471517
-464.06457244
-464.06442010
-464.06426120
-464.06409799
-464.06393240
-464.06376709
-464.06360546
-464.06344992
-464.06330446
-464.06317153
-464.06305438
-464.06295537
-464.06287752
-464.06282253
-464.06279172
-464.06278748
-464.06280928
-464.06285810
-464.06293347
-464.06303399
-464.06315929
-464.06330611
-464.06347340
-464.06365789
-464.06385615
-464.06406508
-464.06428133
-464.06450076
-464.06471951
-464.06493488
-464.06514269
-464.06533916
-464.06552039
-464.06568379
-464.06582632
-464.06594466
-464.06603710
-464.06610075
-464.06613443
-464.06613649
-464.06610531
-464.06604175
-464.06594444
-464.06581464
-464.06565506
-464.06546643
-464.06525204
-464.06501673
-464.06476364
-464.06449833
-464.06422578
-464.06395282
-464.06368553
-464.06343157
-464.06319626
-464.06298704
-464.06281059
-464.06267247
-464.06257825
-464.06253236
-464.06253746
-464.06259471
-464.06270426
-464.06286590
-464.06307717
-464.06333296
-464.06362922
-464.06395889
-464.06431657
-464.06469264
-464.06508035
-464.06547125
-464.06585832
-464.06623289
-464.06658846
-464.06691953
-464.06721994
-464.06748501
-464.06771095
-464.06789547
-464.06803718
-464.06813442
-464.06818721
-464.06819682
-464.06816437
-464.06809186
-464.06798266
-464.06783965
-464.06766643
-464.06746817
-464.06724914
-464.06701440
-464.06676966
-464.06651982
-464.06626931
-464.06602532
-464.06579260
-464.06557521
-464.06537725
-464.06520398
-464.06505758
-464.06494103
-464.06485636
-464.06480487
-464.06478693
-464.06480225
-464.06484999
-464.06492688
-464.06503119
-464.06516007
-464.06530845
-464.06547278
-464.06564859
-464.06583061
-464.06601530
-464.06619808
-464.06637361
-464.06653895
-464.06669026
-464.06682474
-464.06694051
-464.06703561
-464.06710878
-464.06715965
-464.06718902
-464.06719677
-464.06718397
-464.06715295
-464.06710441
-464.06704066
-464.06696388
-464.06687716
-464.06678246
-464.06668298
-464.06658001
-464.06647633
-464.06637423
-464.06627485
-464.06617955
-464.06609057
-464.06600807
-464.06593268
-464.06586515
-464.06580503
-464.06575221
-464.06570583
-464.06566591
-464.06563139
-464.06560088
-464.06557374
-464.06554805
-464.06552318
-464.06549635
-464.06546865
-464.06543696
-464.06540120
-464.06536010
-464.06531317
-464.06525984
-464.06519988
-464.06513436
-464.06506184
-464.06498344
-464.06489893
-464.06480984
-464.06471811
-464.06462312
-464.06452787
-464.06443194
-464.06433890
-464.06424968
-464.06416631
-464.06409009
-464.06402363
-464.06396788
-464.06392550
-464.06389704
-464.06388515
-464.06389030
-464.06391439
-464.06395786
-464.06402154
-464.06410582
-464.06421084
-464.06433715
-464.06448304
-464.06464859
-464.06483286
-464.06503446
-464.06525134
-464.06548155
-464.06572303
-464.06597409
-464.06623113
-464.06649268
-464.06675493
-464.06701683
-464.06727410
-464.06752509
-464.06776665
-464.06799662
-464.06821298
-464.06841279
-464.06859428
-464.06875651
-464.06889686
-464.06901469
-464.06910810
-464.06917649
-464.06921925
-464.06923578
-464.06922528
-464.06918777
-464.06912336
-464.06903214
-464.06891432
-464.06877117
-464.06860274
-464.06841107
-464.06819739
-464.06796287
-464.06771048
-464.06744126
-464.06715897
-464.06686538
-464.06656404
-464.06625843
-464.06595255
-464.06564900
-464.06535319
-464.06506780
-464.06479844
-464.06454791
-464.06432103
-464.06412138
-464.06395215
-464.06381714
-464.06371842
-464.06365770
-464.06363721
-464.06365721
-464.06371822
-464.06381774
-464.06395594
-464.06412896
-464.06433259
-464.06456299
-464.06481582
-464.06508459
-464.06536352
-464.06564658
-464.06592657
-464.06619681
-464.06645187
-464.06668374
-464.06688826
-464.06705999
-464.06719198
-464.06728112
-464.06732391
-464.06731892
-464.06726400
-464.06715912
-464.06700516
-464.06680470
-464.06656044
-464.06627821
-464.06596230
-464.06561934
-464.06525584
-464.06488100
-464.06450185
-464.06412730
-464.06376645
-464.06342658
-464.06311540
-464.06283966
-464.06260545
-464.06241634
-464.06227606
-464.06218529
-464.06214477
-464.06215194
-464.06220578
-464.06230031
-464.06243161
-464.06259176
-464.06277594
-464.06297444
-464.06318186
-464.06338893
-464.06358844
-464.06377478
-464.06394104
-464.06408196
-464.06419387
-464.06427214
-464.06431659
-464.06432408
-464.06429569
-464.06423152
-464.06413482
-464.06400637
-464.06385146
-464.06367205
-464.06347432
-464.06326215
-464.06304083
-464.06281572
-464.06259250
-464.06237521
-464.06217024
-464.06198064
-464.06181095
-464.06166567
-464.06154710
-464.06145810
-464.06140030
-464.06137469
-464.06138198
-464.06142103
-464.06149200
-464.06159137
-464.06171867
-464.06186976
-464.06204069
-464.06222892
-464.06242878
-464.06263774
-464.06284919
-464.06306024
-464.06326435
-464.06345834
-464.06363697
-464.06379702
-464.06393491
-464.06404684
-464.06413079
-464.06418405
-464.06420619
-464.06419433
-464.06414891
-464.06407058
-464.06395955
-464.06381724
-464.06364757
-464.06345200
-464.06323428
-464.06299818
-464.06274874
-464.06249059
-464.06222948
-464.06196878
-464.06171612
-464.06147477
-464.06125067
-464.06104832
-464.06087158
-464.06072502
-464.06061037
-464.06053153
-464.06048888
-464.06048315
-464.06051500
-464.06058206
-464.06068519
-464.06082001
-464.06098372
-464.06117340
-464.06138488
-464.06161381
-464.06185510
-464.06210533
-464.06235919
-464.06261172
-464.06285895
-464.06309681
-464.06332077
-464.06352629
-464.06371196
-464.06387334
-464.06400748
-464.06411287
-464.06418856
-464.06423354
-464.06424792
-464.06423406
-464.06419316
-464.06412937
-464.06404574
-464.06394697
-464.06383806
-464.06372399
-464.06361178
-464.06350665
-464.06341425
-464.06334075
-464.06328971
-464.06326675
-464.06327468
-464.06331587
-464.06339217
-464.06350398
-464.06365215
-464.06383350
-464.06404841
-464.06429211
-464.06456227
-464.06485352
-464.06516208
-464.06548279
-464.06581092
-464.06614104
-464.06646844
-464.06678886
-464.06709793
-464.06739241
-464.06766909
-464.06792479
-464.06815717
-464.06836516
-464.06854690
-464.06870177
-464.06882894
-464.06892905
-464.06900080
-464.06904724
-464.06906738
-464.06906421
-464.06903847
-464.06899351
-464.06893103
-464.06885421
-464.06876631
-464.06866940
-464.06856740
-464.06846293
-464.06835930
-464.06825927
-464.06816538
-464.06807937
-464.06800304
-464.06793727
-464.06788391
-464.06784268
-464.06781439
-464.06779848
-464.06779509
-464.06780304
-464.06782202
-464.06784988
-464.06788603
-464.06792848
-464.06797653
-464.06802808
-464.06808133
-464.06813525
-464.06818893
-464.06824077
-464.06828978
-464.06833509
-464.06837547
-464.06841023
-464.06843953
-464.06846215
-464.06847789
-464.06848716
-464.06848996
-464.06848590
-464.06847632
-464.06846157
-464.06844185
-464.06841786
-464.06838990
-464.06836015
-464.06832725
-464.06829357
-464.06825982
-464.06822655
-464.06819343
-464.06816297
-464.06813464
-464.06810914
-464.06808749
-464.06806968
-464.06805618
-464.06804858
-464.06804534
-464.06804815
-464.06805700
-464.06807170
-464.06809164
-464.06811665
-464.06814712
-464.06818225
-464.06822047
-464.06826192
-464.06830511
-464.06834931
-464.06839273
-464.06843490
-464.06847392
-464.06850917
-464.06853871
-464.06856146
-464.06857659
-464.06858303
-464.06857999
-464.06856709
-464.06854361
-464.06850979
-464.06846528
-464.06841205
-464.06834961
-464.06827997
-464.06820481
-464.06812476
-464.06804294
-464.06796116
-464.06788173
-464.06780745
-464.06774082
-464.06768441
-464.06763985
-464.06761123
-464.06759988
-464.06760719
-464.06763464
-464.06768251
-464.06775274
-464.06784509
-464.06795801
-464.06809160
-464.06824359
-464.06841194
-464.06859475
-464.06878813
-464.06899043
-464.06919723
-464.06940494
-464.06960944
-464.06980758
-464.06999484
-464.07016799
-464.07032277
-464.07045667
-464.07056574
-464.07064796
-464.07070149
-464.07072464
-464.07071583
-464.07067520
-464.07060185
-464.07049692
-464.07036107
-464.07019583
-464.07000177
-464.06978322
-464.06954124
-464.06927986
-464.06900156
-464.06871095
-464.06841064
-464.06810415
-464.06779602
-464.06749034
-464.06719040
-464.06690038
-464.06662405
-464.06636431
-464.06612460
-464.06590669
-464.06571638
-464.06555226
-464.06541701
-464.06531118
-464.06523556
-464.06519010
-464.06517289
-464.06518320
-464.06521909
-464.06527805
-464.06535766
-464.06545460
-464.06556572
-464.06568775
-464.06581563
-464.06594884
-464.06608118
-464.06620977
-464.06633186
-464.06644545
-464.06654708
-464.06663474
-464.06670673
-464.06676232
-464.06680029
-464.06681999
-464.06682254
-464.06680710
-464.06677504
-464.06672602
-464.06666220
-464.06658437
-464.06649351
-464.06639089
-464.06627821
-464.06615702
-464.06602909
-464.06589526
-464.06575854
-464.06561953
-464.06548026
-464.06534161
-464.06520666
-464.06507607
-464.06495168
-464.06483520
-464.06472837
-464.06463315
-464.06455086
-464.06448325
-464.06443267
-464.06439913
-464.06438419
-464.06438951
-464.06441542
-464.06446333
-464.06453237
-464.06462341
-464.06473568
-464.06486837
-464.06502147
-464.06519208
-464.06537974
-464.06558175
-464.06579590
-464.06601999
-464.06625123
-464.06648660
-464.06672345
-464.06695887
-464.06718920
-464.06741225
-464.06762399
-464.06782269
-464.06800558
-464.06816930
-464.06831332
-464.06843439
-464.06853211
-464.06860361
-464.06864911
-464.06866760
-464.06865858
-464.06862176
-464.06855747
-464.06846685
-464.06834996
-464.06820916
-464.06804531
-464.06786174
-464.06765970
-464.06744213
-464.06721137
-464.06697096
-464.06672361
-464.06647228
-464.06622139
-464.06597350
-464.06573230
-464.06550014
-464.06528094
-464.06507592
-464.06488838
-464.06472131
-464.06457564
-464.06445274
-464.06435351
-464.06427825
-464.06422712
-464.06419871
-464.06419179
-464.06420499
-464.06423552
-464.06428023
-464.06433770
-464.06440362
-464.06447413
-464.06454772
-464.06461898
-464.06468677
-464.06474653
-464.06479665
-464.06483516
-464.06486136
-464.06487352
-464.06487216
-464.06485791
-464.06483173
-464.06479525
-464.06475156
-464.06470333
-464.06465375
-464.06460537
-464.06456259
-464.06452887
-464.06450613
-464.06449865
-464.06450764
-464.06453409
-464.06458036
-464.06464517
-464.06472886
-464.06482881
-464.06494358
-464.06507158
-464.06520729
-464.06534961
-464.06549306
-464.06563466
-464.06577085
-464.06589714
-464.06601066
-464.06610827
-464.06618722
-464.06624670
-464.06628359
-464.06629852
-464.06628981
-464.06625859
-464.06620470
-464.06612989
-464.06603471
-464.06592120
-464.06579208
-464.06564894
-464.06549422
-464.06533130
-464.06516246
-464.06499164
-464.06482049
-464.06465299
-464.06449060
-464.06433846
-464.06419757
-464.06407041
-464.06396072
-464.06386872
-464.06379664
-464.06374695
-464.06371984
-464.06371648
-464.06373742
-464.06378205
-464.06385082
-464.06394259
-464.06405669
-464.06419132
-464.06434532
-464.06451639
-464.06470235
-464.06490131
-464.06510937
-464.06532580
-464.06554642
-464.06576915
-464.06599055
-464.06620936
-464.06642151
-464.06662553
-464.06681812
-464.06699848
-464.06716437
-464.06731298
-464.06744324
-464.06755389
-464.06764393
-464.06771165
-464.06775674
-464.06777812
-464.06777585
-464.06774964
-464.06769897
-464.06762445
-464.06752651
-464.06740502
-464.06726145
-464.06709671
-464.06691160
-464.06670750
-464.06648588
-464.06624922
-464.06599976
-464.06573988
-464.06547143
-464.06519782
-464.06492244
-464.06464737
-464.06437661
-464.06411310
-464.06385984
-464.06362015
-464.06339807
-464.06319581
-464.06301610
-464.06286140
-464.06273360
-464.06263427
-464.06256432
-464.06252444
-464.06251492
-464.06253483
-464.06258327
-464.06265856
-464.06275829
-464.06288045
-464.06302169
-464.06317804
-464.06334627
-464.06352222
-464.06370182
-464.06388198
-464.06405739
-464.06422566
-464.06438286
-464.06452672
-464.06465402
-464.06476406
-464.06485566
-464.06492742
-464.06498056
-464.06501483
-464.06503326
-464.06503638
-464.06502717
-464.06500937
-464.06498476
-464.06495829
-464.06493328
-464.06491199
-464.06489972
-464.06489812
-464.06491043
-464.06493871
-464.06498492
-464.06505040
-464.06513592
-464.06524081
-464.06536539
-464.06550783
-464.06566603
-464.06583855
-464.06602200
-464.06621334
-464.06640953
-464.06660724
-464.06680252
-464.06699220
-464.06717232
-464.06734012
-464.06749298
-464.06762787
-464.06774303
-464.06783537
-464.06790463
-464.06794977
-464.06797006
-464.06796462
-464.06793527
-464.06788121
-464.06780602
-464.06770878
-464.06759242
-464.06745911
-464.06731148
-464.06715206
-464.06698393
-464.06681039
-464.06663361
-464.06645760
-464.06628511
-464.06611901
-464.06596171
-464.06581592
-464.06568313
-464.06556518
-464.06546301
-464.06537853
-464.06531102
-464.06526156
-464.06522904
-464.06521362
-464.06521421
-464.06523006
-464.06525963
-464.06530185
-464.06535490
-464.06541740
-464.06548748
-464.06556358
-464.06564397
-464.06572630
-464.06580885
-464.06589024
-464.06596811
-464.06604078
-464.06610700
-464.06616535
-464.06621432
-464.06625285
-464.06628079
-464.06629658
-464.06630011
-464.06629151
-464.06627155
-464.06624029
-464.06619914
-464.06614903
-464.06609205
-464.06602933
-464.06596365
-464.06589612
-464.06583007
-464.06576637
-464.06570729
-464.06565564
-464.06561260
-464.06557932
-464.06555779
-464.06554747
-464.06555007
-464.06556460
-464.06559084
-464.06562830
-464.06567566
-464.06573118
-464.06579360
-464.06586040
-464.06593020
-464.06600018
-464.06606844
-464.06613326
-464.06619205
-464.06624325
-464.06628531
-464.06631682
-464.06633677
-464.06634395
-464.06633790
-464.06631938
-464.06628762
-464.06624378
-464.06618803
-464.06612242
-464.06604773
-464.06596609
-464.06587971
-464.06579068
-464.06570147
-464.06561477
-464.06553251
-464.06545851
-464.06539360
-464.06534048
-464.06530177
-464.06527862
-464.06527248
-464.06528516
-464.06531769
-464.06536983
-464.06544341
-464.06553713
-464.06565246
-464.06578730
-464.06594249
-464.06611613
-464.06630650
-464.06651366
-464.06673470
-464.06696877
-464.06721349
-464.06746564
-464.06772495
-464.06798657
-464.06824955
-464.06850948
-464.06876411
-464.06901153
-464.06924739
-464.06946883
-464.06967250
-464.06985505
-464.07001317
-464.07014399
-464.07024487
-464.07031328
-464.07034711
-464.07034597
-464.07030769
-464.07023265
-464.07012101
-464.06997466
-464.06979344
-464.06958147
-464.06934028
-464.06907516
-464.06878892
-464.06848626
-464.06817199
-464.06785200
-464.06753021
-464.06721358
-464.06690598
-464.06661223
-464.06633734
-464.06608520
-464.06585927
-464.06566386
-464.06550115
-464.06537419
-464.06528378
-464.06523051
-464.06521460
-464.06523546
-464.06529288
-464.06538344
-464.06550545
-464.06565484
-464.06582915
-464.06602344
-464.06623299
-464.06645328
-464.06667905
-464.06690482
-464.06712495
-464.06733436
-464.06752747
-464.06769943
-464.06784515
-464.06796194
-464.06804551
-464.06809316
-464.06810297
-464.06807470
-464.06800792
-464.06790407
-464.06776506
-464.06759333
-464.06739374
-464.06717015
-464.06692883
-464.06667480
-464.06641499
-464.06615485
-464.06590192
-464.06566063
-464.06543709
-464.06523656
-464.06506106
-464.06491575
-464.06480178
-464.06472068
-464.06467194
-464.06465550
-464.06466976
-464.06471214
-464.06477979
-464.06487022
-464.06497854
-464.06510138
-464.06523496
-464.06537415
-464.06551777
-464.06566032
-464.06579965
-464.06593253
-464.06605805
-464.06617319
-464.06627740
-464.06636859
-464.06644747
-464.06651281
-464.06656452
-464.06660437
-464.06663263
-464.06665242
-464.06666269
-464.06666675
-464.06666573
-464.06666221
-464.06665893
-464.06665818
-464.06666117
-464.06667102
-464.06668868
-464.06671603
-464.06675327
-464.06680030
-464.06685767
-464.06692399
-464.06699685
-464.06707382
-464.06715385
-464.06723318
-464.06730812
-464.06737494
-464.06743094
-464.06747126
-464.06749523
-464.06749788
-464.06747665
-464.06743050
-464.06735764
-464.06725734
-464.06712961
-464.06697532
-464.06679634
-464.06659449
-464.06637319
-464.06613565
-464.06588532
-464.06562751
-464.06536660
-464.06510678
-464.06485249
-464.06460907
-464.06437950
-464.06416892
-464.06398000
-464.06381622
-464.06367939
-464.06357180
-464.06349479
-464.06344811
-464.06343262
-464.06344713
-464.06349045
-464.06356120
-464.06365648
-464.06377366
-464.06391006
-464.06406205
-464.06422558
-464.06439729
-464.06457293
-464.06474968
-464.06492246
-464.06508826
-464.06524261
-464.06538327
-464.06550594
-464.06560890
-464.06568981
-464.06574695
-464.06577800
-464.06578384
-464.06576369
-464.06571853
-464.06565031
-464.06556108
-464.06545420
-464.06533339
-464.06520247
-464.06506730
-464.06493186
-464.06480174
-464.06468237
-464.06457993
-464.06449927
-464.06444541
-464.06442230
-464.06443378
-464.06448243
-464.06456940
-464.06469602
-464.06486166
-464.06506455
-464.06530271
-464.06557195
-464.06586776
-464.06618528
-464.06651659
-464.06685640
-464.06719699
-464.06753159
-464.06785292
-464.06815458
-464.06843052
-464.06867550
-464.06888466
-464.06905422
-464.06918204
-464.06926479
-464.06930235
-464.06929438
-464.06924244
-464.06914763
-464.06901384
-464.06884409
-464.06864385
-464.06841829
-464.06817490
-464.06791985
-464.06766048
-464.06740556
-464.06716291
-464.06693998
-464.06674519
-464.06658431
-464.06646325
-464.06638549
-464.06635533
-464.06637185
-464.06643590
-464.06654316
-464.06669053
-464.06687052
-464.06707477
-464.06729397
-464.06751872
-464.06773771
-464.06793985
-464.06811669
-464.06825622
-464.06835324
-464.06839828
-464.06838844
-464.06831938
-464.06819031
-464.06800223
-464.06775742
-464.06746130
-464.06711903
-464.06673751
-464.06632665
-464.06589515
-464.06545263
-464.06501117
-464.06457965
-464.06416937
-464.06378924
-464.06344845
-464.06315422
-464.06291330
-464.06273083
-464.06261122
-464.06255439
-464.06256176
-464.06262937
-464.06275464
-464.06292942
-464.06314768
-464.06339886
-464.06367502
-464.06396389
-464.06425734
-464.06454390
-464.06481651
-464.06506631
-464.06528898
-464.06547827
-464.06563356
-464.06575188
-464.06583526
-464.06588415
-464.06590150
-464.06589136
-464.06585654
-464.06580102
-464.06572941
-464.06564410
-464.06554885
-464.06544604
-464.06533832
-464.06522749
-464.06511635
-464.06500638
-464.06490025
-464.06479817
-464.06470375
-464.06461699
-464.06454109
-464.06447597
-464.06442352
-464.06438504
-464.06436104
-464.06435180
-464.06435740
-464.06437741
-464.06441095
-464.06445799
-464.06451589
-464.06458461
-464.06466072
-464.06474398
-464.06483139
-464.06492147
-464.06501280
-464.06510388
-464.06519286
-464.06527808
-464.06535988
-464.06543506
-464.06550489
-464.06556629
-464.06561867
-464.06566073
-464.06569171
-464.06571070
-464.06571610
-464.06570712
-464.06568439
-464.06564576
-464.06559278
-464.06552603
-464.06544532
-464.06535412
-464.06525413
-464.06514822
-464.06504092
-464.06493537
-464.06483580
-464.06474759
-464.06467375
-464.06462019
-464.06458918
-464.06458636
-464.06461372
-464.06467437
-464.06476908
-464.06489883
-464.06506271
-464.06525905
-464.06548625
-464.06574033
-464.06601953
-464.06631764
-464.06663160
-464.06695492
-464.06728413
-464.06761217
-464.06793517
-464.06824719
-464.06854338
-464.06881994
-464.06907141
-464.06929453
-464.06948642
-464.06964382
-464.06976649
-464.06985208
-464.06990043
-464.06991166
-464.06988652
-464.06982627
-464.06973373
-464.06961161
-464.06946435
-464.06929663
-464.06911356
-464.06892042
-464.06872213
-464.06852553
-464.06833517
-464.06815642
-464.06799476
-464.06785436
-464.06773866
-464.06765044
-464.06759053
-464.06756002
-464.06755755
-464.06758109
-464.06762741
-464.06769320
-464.06777330
-464.06786360
-464.06795798
-464.06805156
-464.06813873
-464.06821475
-464.06827558
-464.06831548
-464.06833215
-464.06832248
-464.06828429
-464.06821713
-464.06812155
-464.06799591
-464.06784240
-464.06766224
-464.06745870
-464.06723408
-464.06699250
-464.06673762
-464.06647388
-464.06620619
-464.06593934
-464.06567870
-464.06542907
-464.06519601
-464.06498353
-464.06479799
-464.06464135
-464.06451775
-464.06442907
-464.06437824
-464.06436400
-464.06438728
-464.06444607
-464.06453827
-464.06466041
-464.06480898
-464.06498004
-464.06516706
-464.06536734
-464.06557431
-464.06578184
-464.06598708
-464.06618339
-464.06636781
-464.06653691
-464.06668709
-464.06681688
-464.06692417
-464.06700731
-464.06706689
-464.06710214
-464.06711388
-464.06710286
-464.06706972
-464.06701684
-464.06694547
-464.06685908
-464.06676004
-464.06665046
-464.06653448
-464.06641453
-464.06629359
-464.06617394
-464.06605953
-464.06595260
-464.06585657
-464.06577320
-464.06570506
-464.06565530
-464.06562467
-464.06561470
-464.06562628
-464.06566095
-464.06571846
-464.06579915
-464.06590115
-464.06602470
-464.06616722
-464.06632768
-464.06650298
-464.06669195
-464.06689062
-464.06709677
-464.06730579
-464.06751686
-464.06772574
-464.06792928
-464.06812462
-464.06830974
-464.06848137
-464.06863722
-464.06877560
-464.06889386
-464.06899229
-464.06906772
-464.06912055
-464.06914970
-464.06915677
-464.06914038
-464.06910122
-464.06904041
-464.06895990
-464.06886049
-464.06874428
-464.06861325
-464.06846935
-464.06831650
-464.06815544
-464.06799141
-464.06782450
-464.06766063
-464.06750045
-464.06734792
-464.06720569
-464.06707584
-464.06696132
-464.06686292
-464.06678292
-464.06672160
-464.06668074
-464.06666024
-464.06665856
-464.06667636
-464.06671197
-464.06676240
-464.06682625
-464.06689983
-464.06698168
-464.06706878
-464.06715625
-464.06724226
-464.06732299
-464.06739545
-464.06745678
-464.06750429
-464.06753724
-464.06755292
-464.06755249
-464.06753384
-464.06749817
-464.06744638
-464.06738079
-464.06730388
-464.06721823
-464.06712759
-464.06703536
-464.06694705
-464.06686549
-464.06679499
-464.06673801
-464.06669905
-464.06668074
-464.06668484
-464.06671232
-464.06676521
-464.06684260
-464.06694347
-464.06706606
-464.06720780
-464.06736517
-464.06753453
-464.06771164
-464.06789278
-464.06807330
-464.06824825
-464.06841394
-464.06856567
-464.06870023
-464.06881478
-464.06890662
-464.06897276
-464.06901284
-464.06902596
-464.06901176
-464.06897015
-464.06890296
-464.06881177
-464.06869777
-464.06856333
-464.06841242
-464.06824733
-464.06807222
-464.06788995
-464.06770488
-464.06752044
-464.06733959
-464.06716674
-464.06700397
-464.06685584
-464.06672394
-464.06661085
-464.06651796
-464.06644687
-464.06639765
-464.06637075
-464.06636620
-464.06638338
-464.06642055
-464.06647654
-464.06654913
-464.06663611
-464.06673411
-464.06684203
-464.06695580
-464.06707287
-464.06719045
-464.06730612
-464.06741659
-464.06751999
-464.06761402
-464.06769776
-464.06776830
-464.06782521
-464.06786652
-464.06789255
-464.06790169
-464.06789486
-464.06787173
-464.06783346
-464.06777939
-464.06771168
-464.06763129
-464.06753889
-464.06743682
-464.06732577
-464.06720756
-464.06708372
-464.06695603
-464.06682616
-464.06669437
-464.06656367
-464.06643423
-464.06630737
-464.06618488
-464.06606717
-464.06595510
-464.06585009
-464.06575176
-464.06566069
-464.06557811
-464.06550331
-464.06543643
-464.06537734
-464.06532559
-464.06528190
-464.06524514
-464.06521515
-464.06519137
-464.06517325
-464.06516003
-464.06515099
-464.06514538
-464.06514243
-464.06514152
-464.06514193
-464.06514284
-464.06514386
-464.06514443
-464.06514325
-464.06514026
-464.06513591
-464.06512876
-464.06511912
-464.06510654
-464.06509146
-464.06507380
-464.06505356
-464.06503155
-464.06500751
-464.06498238
-464.06495655
-464.06493081
-464.06490575
-464.06488244
-464.06486148
-464.06484429
-464.06483132
-464.06482370
-464.06482241
-464.06482879
-464.06484325
-464.06486661
-464.06490087
-464.06494500
-464.06500007
-464.06506642
-464.06514416
-464.06523284
-464.06533235
-464.06544148
-464.06556043
-464.06568693
-464.06581980
-464.06595773
-464.06609817
-464.06623939
-464.06637863
-464.06651459
-464.06664300
-464.06676382
-464.06687239
-464.06696751
-464.06704696
-464.06710853
-464.06715126
-464.06717349
-464.06717377
-464.06715149
-464.06710670
-464.06703921
-464.06694978
-464.06684044
-464.06671111
-464.06656505
-464.06640396
-464.06622992
-464.06604737
-464.06585894
-464.06566735
-464.06547716
-464.06529169
-464.06511408
-464.06494792
-464.06479693
-464.06466292
-464.06454894
-464.06445636
-464.06438740
-464.06434252
-464.06432272
-464.06432774
-464.06435688
-464.06440910
-464.06448248
-464.06457678
-464.06468748
-464.06481431
-464.06495211
-464.06509979
-464.06525353
-464.06541037
-464.06556687
-464.06572089
-464.06586906
-464.06600896
-464.06613854
-464.06625447
-464.06635669
-464.06644226
-464.06650968
-464.06655791
-464.06658636
-464.06659448
-464.06658120
-464.06654585
-464.06649035
-464.06641447
-464.06631878
-464.06620396
-464.06607305
-464.06592762
-464.06576852
-464.06560030
-464.06542382
-464.06524310
-464.06506109
-464.06488110
-464.06470598
-464.06453980
-464.06438475
-464.06424533
-464.06412169
-464.06401784
-464.06393448
-464.06387371
-464.06383586
-464.06382119
-464.06382842
-464.06385762
-464.06390727
-464.06397534
-464.06405913
-464.06415670
-464.06426410
-464.06438004
-464.06450071
-464.06462264
-464.06474281
-464.06485902
-464.06496911
-464.06507022
-464.06516100
-464.06523960
-464.06530639
-464.06535940
-464.06539857
-464.06542571
-464.06543963
-464.06544303
-464.06543568
-464.06542002
-464.06539761
-464.06537073
-464.06534070
-464.06531142
-464.06528345
-464.06525915
-464.06524191
-464.06523205
-464.06523201
-464.06524381
-464.06526858
-464.06530737
-464.06536222
-464.06543196
-464.06551803
-464.06561997
-464.06573655
-464.06586726
-464.06601052
-464.06616429
-464.06632622
-464.06649224
-464.06666049
-464.06682638
-464.06698698
-464.06713794
-464.06727532
-464.06739528
-464.06749429
-464.06756905
-464.06761694
-464.06763606
-464.06762437
-464.06758032
-464.06750420
-464.06739650
-464.06725846
-464.06709241
-464.06690070
-464.06668640
-464.06645642
-464.06621271
-464.06596072
-464.06570637
-464.06545449
-464.06521067
-464.06497949
-464.06476677
-464.06457622
-464.06441145
-464.06427710
-464.06417390
-464.06410493
-464.06407112
-464.06407244
-464.06410752
-464.06417583
-464.06427514
-464.06440146
-464.06455351
-464.06472548
-464.06491398
-464.06511491
-464.06532255
-464.06553385
-464.06574258
-464.06594617
-464.06613908
-464.06631952
-464.06648298
-464.06662799
-464.06675118
-464.06685239
-464.06692879
-464.06698110
-464.06700800
-464.06701104
-464.06699009
-464.06694710
-464.06688347
-464.06680086
-464.06670108
-464.06658683
-464.06646012
-464.06632362
-464.06618016
-464.06603219
-464.06588309
-464.06573581
-464.06559283
-464.06545664
-464.06532990
-464.06521527
-464.06511452
-464.06502908
-464.06496177
-464.06491254
-464.06488251
-464.06487251
-464.06488234
-464.06491181
-464.06495978
-464.06502540
-464.06510747
-464.06520325
-464.06531244
-464.06543119
-464.06555954
-464.06569281
-464.06582983
-464.06596862
-464.06610681
-464.06624214
-464.06637333
-464.06649781
-464.06661598
-464.06672533
-464.06682518
-464.06691545
-464.06699472
-464.06706321
-464.06712118
-464.06716764
-464.06720288
-464.06722750
-464.06724143
-464.06724544
-464.06723893
-464.06722394
-464.06720011
-464.06716766
-464.06712795
-464.06708077
-464.06702660
-464.06696696
-464.06690231
-464.06683372
-464.06676261
-464.06668865
-464.06661400
-464.06653972
-464.06646701
-464.06639748
-464.06633174
-464.06627188
-464.06621876
-464.06617400
-464.06613834
-464.06611335
-464.06609928
-464.06609713
-464.06610708
-464.06612914
-464.06616352
-464.06620982
-464.06626732
-464.06633504
-464.06641260
-464.06649878
-464.06659223
-464.06669225
-464.06679665
-464.06690451
-464.06701514
-464.06712817
-464.06724128
-464.06735372
-464.06746385
-464.06757220
-464.06767532
-464.06777257
-464.06786070
-464.06793909
-464.06800326
-464.06805360
-464.06808604
-464.06809985
-464.06809340
-464.06806602
-464.06801764
-464.06794841
-464.06785801
-464.06774827
-464.06761968
-464.06747546
-464.06731736
-464.06714757
-464.06696940
-464.06678618
-464.06660182
-464.06642026
-464.06624415
-464.06607893
-464.06592785
-464.06579431
-464.06568303
-464.06559595
-464.06553707
-464.06550880
-464.06551278
-464.06555033
-464.06562225
-464.06572843
-464.06586751
-464.06603922
-464.06624060
-464.06646940
-464.06672184
-464.06699489
-464.06728304
-464.06758233
-464.06788749
-464.06819423
-464.06849701
-464.06879009
-464.06906986
-464.06933043
-464.06956809
-464.06978056
-464.06996365
-464.07011508
-464.07023304
-464.07031798
-464.07036866
-464.07038546
-464.07037049
-464.07032497
-464.07025179
-464.07015394
-464.07003400
-464.06989693
-464.06974630
-464.06958554
-464.06942061
-464.06925445
-464.06909078
-464.06893430
-464.06878822
-464.06865669
-464.06854061
-464.06844348
-464.06836642
-464.06831087
-464.06827689
-464.06826560
-464.06827628
-464.06830880
-464.06836210
-464.06843435
-464.06852453
-464.06863093
-464.06875065
-464.06888242
-464.06902375
-464.06917217
-464.06932490
-464.06948048
-464.06963561
-464.06978829
-464.06993561
-464.07007619
-464.07020769
-464.07032753
-464.07043514
-464.07052788
-464.07060494
-464.07066545
-464.07070803
-464.07073135
-464.07073576
-464.07071975
-464.07068510
-464.07063084
-464.07055741
-464.07046684
-464.07035969
-464.07023781
-464.07010319
-464.06995747
-464.06980385
-464.06964417
-464.06948137
-464.06931758
-464.06915694
-464.06900165
-464.06885444
-464.06871720
-464.06859310
-464.06848358
-464.06839083
-464.06831541
-464.06825947
-464.06822258
-464.06820530
-464.06820665
-464.06822568
-464.06826130
-464.06831103
-464.06837366
-464.06844575
-464.06852449
-464.06860817
-464.06869274
-464.06877540
-464.06885364
-464.06892529
-464.06898686
-464.06903669
-464.06907405
-464.06909636
-464.06910310
-464.06909378
-464.06906937
-464.06902987
-464.06897649
-464.06890995
-464.06883395
-464.06874894
-464.06865932
-464.06856729
-464.06847623
-464.06838982
-464.06831120
-464.06824347
-464.06819024
-464.06815372
-464.06813774
-464.06814303
-464.06817180
-464.06822393
-464.06830079
-464.06840025
-464.06852262
-464.06866375
-464.06882186
-464.06899276
-464.06917218
-464.06935371
-464.06953378
-464.06970552
-464.06986368
-464.07000146
-464.07011441
-464.07019613
-464.07024365
-464.07025172
-464.07021698
-464.07013749
-464.07001187
-464.06984117
-464.06962527
-464.06936629
-464.06907016
-464.06874049
-464.06838210
-464.06800404
-464.06761302
-464.06721766
-464.06682743
-464.06645146
-464.06609855
-464.06577615
-464.06549356
-464.06525784
-464.06507368
-464.06494730
-464.06488118
-464.06487718
-464.06493638
-464.06505596
-464.06523346
-464.06546484
-464.06574335
-464.06606209
-464.06641427
-464.06679007
-464.06717933
-464.06757341
-464.06796243
-464.06833616
-464.06868678
-464.06900435
-464.06928077
-464.06951054
-464.06968708
-464.06980634
-464.06986478
-464.06985992
-464.06979120
-464.06965867
-464.06946328
-464.06920897
-464.06889919
-464.06853942
-464.06813523
-464.06769438
-464.06722489
-464.06673379
-464.06623180
-464.06572772
-464.06523191
-464.06475362
-464.06430205
-464.06388744
-464.06351812
-464.06320103
-464.06294259
-464.06274906
-464.06262301
-464.06256791
-464.06258320
-464.06266766
-464.06281930
-464.06303307
-464.06330365
-464.06362490
-464.06398812
-464.06438475
-464.06480700
-464.06524444
-464.06568907
-464.06613010
-464.06656008
-464.06697058
-464.06735381
-464.06770007
-464.06801023
-464.06827177
-464.06848437
-464.06864308
-464.06874643
-464.06879421
-464.06878543
-464.06872193
-464.06860533
-464.06843829
-464.06822652
-464.06797337
-464.06768603
-464.06737105
-464.06703655
-464.06669144
-464.06634249
-464.06600037
-464.06567168
-464.06536564
-464.06508946
-464.06485154
-464.06465667
-464.06450993
-464.06441483
-464.06437293
-464.06438524
-464.06445099
-464.06456721
-464.06473093
-464.06493682
-464.06517935
-464.06545096
-464.06574584
-464.06605520
-464.06637119
-464.06668682
-464.06699443
-464.06728615
-464.06755777
-464.06780122
-464.06801166
-464.06818529
-464.06831834
-464.06840948
-464.06845591
-464.06845659
-464.06841191
-464.06832307
-464.06819170
-464.06802123
-464.06781427
-464.06757379
-464.06730542
-464.06701295
-464.06670237
-464.06637957
-464.06604929
-464.06571878
-464.06539332
-464.06507783
-464.06477776
-464.06450000
-464.06424704
-464.06402400
-464.06383390
-464.06367939
-464.06356275
-464.06348432
-464.06344499
-464.06344396
-464.06348069
-464.06355212
-464.06365625
-464.06378878
-464.06394675
-464.06412508
-464.06431971
-464.06452532
-464.06473724
-464.06495015
-464.06516027
-464.06536224
-464.06555198
-464.06572640
-464.06588221
-464.06601698
-464.06612815
-464.06621597
-464.06627934
-464.06631855
-464.06633487
-464.06632918
-464.06630440
-464.06626240
-464.06620804
-464.06614360
-464.06607141
-464.06599633
-464.06592030
-464.06584619
-464.06577550
-464.06570941
-464.06564978
-464.06559679
-464.06555091
-464.06551149
-464.06547942
-464.06545393
-464.06543395
-464.06541989
-464.06541057
-464.06540508
-464.06540256
-464.06540295
-464.06540465
-464.06540740
-464.06541142
-464.06541503
-464.06541860
-464.06542141
-464.06542409
-464.06542564
-464.06542667
-464.06542717
-464.06542619
-464.06542419
-464.06542089
-464.06541647
-464.06541036
-464.06540124
-464.06538970
-464.06537469
-464.06535684
-464.06533443
-464.06530876
-464.06527989
-464.06524772
-464.06521274
-464.06517511
-464.06513700
-464.06509886
-464.06506104
-464.06502624
-464.06499512
-464.06496980
-464.06495091
-464.06494038
-464.06493927
-464.06494896
-464.06497121
-464.06500608
-464.06505450
-464.06511785
-464.06519581
-464.06528779
-464.06539380
-464.06551283
-464.06564436
-464.06578649
-464.06593756
-464.06609622
-464.06626031
-464.06642748
-464.06659470
-464.06676137
-464.06692289
-464.06707808
-464.06722397
-464.06735717
-464.06747753
-464.06758047
-464.06766590
-464.06773050
-464.06777363
-464.06779396
-464.06778954
-464.06776061
-464.06770605
-464.06762617
-464.06752097
-464.06739189
-464.06723904
-464.06706489
-464.06686996
-464.06665702
-464.06642851
-464.06618600
-464.06593461
-464.06567492
-464.06541228
-464.06514902
-464.06488894
-464.06463668
-464.06439496
-464.06416897
-464.06396111
-464.06377562
-464.06361489
-464.06348217
-464.06337923
-464.06330863
-464.06327118
-464.06326858
-464.06330062
-464.06336712
-464.06346662
-464.06359881
-464.06375998
-464.06394879
-464.06416105
-464.06439479
-464.06464476
-464.06490707
-464.06517730
-464.06545183
-464.06572515
-464.06599268
-464.06625129
-464.06649637
-464.06672330
-464.06693013
-464.06711374
-464.06727045
-464.06739830
-464.06749650
-464.06756271
-464.06759622
-464.06759707
-464.06756485
-464.06750015
-464.06740348
-464.06727546
-464.06711824
-464.06693286
-464.06672297
-464.06648956
-464.06623530
-464.06596447
-464.06567915
-464.06538324
-464.06507946
-464.06477229
-464.06446523
-464.06416320
-464.06386959
-464.06358911
-464.06332548
-464.06308286
-464.06286460
-464.06267414
-464.06251436
-464.06238714
-464.06229461
-464.06223855
-464.06221979
-464.06223825
-464.06229404
-464.06238474
-464.06250987
-464.06266710
-464.06285280
-464.06306377
-464.06329605
-464.06354577
-464.06380827
-464.06407889
-464.06435296
-464.06462591
-464.06489281
-464.06514969
-464.06539135
-464.06561474
-464.06581656
-464.06599204
-464.06614045
-464.06625722
-464.06634244
-464.06639379
-464.06641035
-464.06639156
-464.06633815
-464.06625085
-464.06613043
-464.06597867
-464.06579717
-464.06558908
-464.06535639
-464.06510451
-464.06483484
-464.06455231
-464.06426059
-464.06396409
-464.06366794
-464.06337636
-464.06309363
-464.06282447
-464.06257332
-464.06234461
-464.06214124
-464.06196629
-464.06182310
-464.06171392
-464.06163938
-464.06160092
-464.06160044
-464.06163562
-464.06170635
-464.06181150
-464.06194919
-464.06211591
-464.06230880
-464.06252471
-464.06275926
-464.06300862
-464.06326889
-464.06353486
-464.06380150
-464.06406458
-464.06432011
-464.06456266
-464.06478991
-464.06499728
-464.06518141
-464.06533939
-464.06546975
-464.06557022
-464.06563963
-464.06567720
-464.06568502
-464.06566126
-464.06560983
-464.06553113
-464.06542756
-464.06530329
-464.06516066
-464.06500353
-464.06483714
-464.06466508
-464.06449188
-464.06432229
-464.06416016
-464.06400962
-464.06387460
-464.06375872
-464.06366407
-464.06359256
-464.06354727
-464.06352816
-464.06353606
-464.06357029
-464.06362982
-464.06371349
-464.06381821
-464.06394238
-464.06408246
-464.06423545
-464.06439724
-464.06456479
-464.06473397
-464.06490099
-464.06506103
-464.06521136
-464.06534772
-464.06546669
-464.06556608
-464.06564293
-464.06569542
-464.06572103
-464.06571947
-464.06568996
-464.06563334
-464.06554910
-464.06544055
-464.06530910
-464.06515627
-464.06498769
-464.06480447
-464.06461192
-464.06441365
-464.06421612
-464.06402247
-464.06383767
-464.06366623
-464.06351140
-464.06337891
-464.06327132
-464.06319109
-464.06313986
-464.06312040
-464.06313230
-464.06317654
-464.06325191
-464.06335673
-464.06349016
-464.06364841
-464.06382869
-464.06402735
-464.06424087
-464.06446450
-464.06469388
-464.06492443
-464.06515135
-464.06537005
-464.06557668
-464.06576746
-464.06593731
-464.06608436
-464.06620471
-464.06629662
-464.06635816
-464.06638823
-464.06638623
-464.06635235
-464.06628670
-464.06619184
-464.06606977
-464.06592362
-464.06575689
-464.06557311
-464.06537760
-464.06517496
-464.06496997
-464.06476814
-464.06457544
-464.06439521
-464.06423323
-464.06409352
-464.06398020
