-464.06979039
-464.06987856
-464.06989760
-464.06985107
-464.06974139
-464.06957280
-464.06935221
-464.06908472
-464.06877730
-464.06843855
-464.06807531
-464.06769664
-464.06731115
-464.06692651
-464.06655129
-464.06619268
-464.06585881
-464.06555523
-464.06528710
-464.06506033
-464.06487678
-464.06473848
-464.06464856
-464.06460539
-464.06460824
-464.06465564
-464.06474416
-464.06486922
-464.06502721
-464.06521194
-464.06541865
-464.06564046
-464.06587244
-464.06610775
-464.06634131
-464.06656733
-464.06678162
-464.06697875
-464.06715631
-464.06731085
-464.06744017
-464.06754260
-464.06761796
-464.06766529
-464.06768526
-464.06767879
-464.06764747
-464.06759264
-464.06751697
-464.06742286
-464.06731265
-464.06718962
-464.06705671
-464.06691637
-464.06677196
-464.06662563
-464.06648082
-464.06633914
-464.06620331
-464.06607440
-464.06595479
-464.06584507
-464.06574608
-464.06565756
-464.06558116
-464.06551548
-464.06546049
-464.06541458
-464.06537717
-464.06534641
-464.06532147
-464.06530045
-464.06528192
-464.06526455
-464.06524637
-464.06522664
-464.06520371
-464.06517720
-464.06514623
-464.06511013
-464.06506904
-464.06502274
-464.06497177
-464.06491703
-464.06485897
-464.06479990
-464.06474055
-464.06468281
-464.06462888
-464.06458106
-464.06454082
-464.06451079
-464.06449293
-464.06449034
-464.06450437
-464.06453621
-464.06458914
-464.06466443
-464.06476212
-464.06488321
-464.06502893
-464.06519813
-464.06539060
-464.06560427
-464.06583832
-464.06608891
-464.06635418
-464.06662982
-464.06691262
-464.06719781
-464.06748182
-464.06775889
-464.06802516
-464.06827554
-464.06850620
-464.06871162
-464.06888933
-464.06903566
-464.06914787
-464.06922314
-464.06926047
-464.06925830
-464.06921714
-464.06913706
-464.06901950
-464.06886494
-464.06867807
-464.06846054
-464.06821587
-464.06794870
-464.06766352
-464.06736409
-464.06705589
-464.06674307
-464.06643087
-464.06612411
-464.06582684
-464.06554300
-464.06527727
-464.06503248
-464.06481282
-464.06462024
-464.06445759
-464.06432679
-464.06422881
-464.06416546
-464.06413677
-464.06414260
-464.06418215
-464.06425572
-464.06436026
-464.06449422
-464.06465464
-464.06483930
-464.06504407
-464.06526583
-464.06549902
-464.06574065
-464.06598600
-464.06622870
-464.06646517
-464.06669059
-464.06689904
-464.06708752
-464.06725100
-464.06738718
-464.06749187
-464.06756360
-464.06759996
-464.06760061
-464.06756439
-464.06749098
-464.06738258
-464.06723958
-464.06706289
-464.06685538
-464.06662021
-464.06635906
-464.06607657
-464.06577624
-464.06546183
-464.06513939
-464.06481202
-464.06448554
-464.06416462
-464.06385445
-464.06355916
-464.06328498
-464.06303477
-464.06281315
-464.06262259
-464.06246803
-464.06234931
-464.06227000
-464.06222998
-464.06222963
-464.06226799
-464.06234516
-464.06245835
-464.06260581
-464.06278409
-464.06299007
-464.06322050
-464.06347003
-464.06373637
-464.06401246
-464.06429556
-464.06457996
-464.06486171
-464.06513740
-464.06540175
-464.06565229
-464.06588505
-464.06609850
-464.06628913
-464.06645633
-464.06659798
-464.06671361
-464.06680296
-464.06686601
-464.06690250
-464.06691386
-464.06690196
-464.06686726
-464.06681167
-464.06673694
-464.06664474
-464.06653734
-464.06641728
-464.06628656
-464.06614744
-464.06600218
-464.06585346
-464.06570402
-464.06555617
-464.06541255
-464.06527455
-464.06514513
-464.06502580
-464.06491832
-464.06482363
-464.06474379
-464.06467879
-464.06462988
-464.06459633
-464.06457946
-464.06457803
-464.06459131
-464.06461944
-464.06466009
-464.06471366
-464.06477773
-464.06485061
-464.06493186
-464.06501971
-464.06511194
-464.06520817
-464.06530608
-464.06540431
-464.06550218
-464.06559853
-464.06569150
-464.06578138
-464.06586600
-464.06594583
-464.06601842
-464.06608418
-464.06614147
-464.06619013
-464.06622955
-464.06625741
-464.06627483
-464.06627951
-464.06627109
-464.06624883
-464.06621201
-464.06615991
-464.06609145
-464.06600618
-464.06590458
-464.06578529
-464.06564835
-464.06549532
-464.06532550
-464.06514022
-464.06494081
-464.06472975
-464.06450862
-464.06428034
-464.06404642
-464.06381108
-464.06357578
-464.06334527
-464.06312221
-464.06290990
-464.06271040
-464.06252706
-464.06236259
-464.06221998
-464.06210066
-464.06200575
-464.06193727
-464.06189581
-464.06188130
-464.06189385
-464.06193279
-464.06199718
-464.06208553
-464.06219705
-464.06232838
-464.06247669
-464.06264122
-464.06281755
-464.06300299
-464.06319453
-464.06338892
-464.06358327
-464.06377428
-464.06395931
-464.06413621
-464.06430132
-464.06445387
-464.06459201
-464.06471391
-464.06481887
-464.06490635
-464.06497634
-464.06502869
-464.06506458
-464.06508513
-464.06509121
-464.06508451
-464.06506696
-464.06504025
-464.06500603
-464.06496782
-464.06492595
-464.06488359
-464.06484116
-464.06480294
-464.06476767
-464.06473763
-464.06471421
-464.06469673
-464.06468546
-464.06468165
-464.06468301
-464.06469018
-464.06470119
-464.06471465
-464.06472917
-464.06474382
-464.06475453
-464.06476174
-464.06476107
-464.06475260
-464.06473330
-464.06470122
-464.06465601
-464.06459557
-464.06451977
-464.06442846
-464.06432092
-464.06419894
-464.06406197
-464.06391289
-464.06375301
-464.06358416
-464.06340865
-464.06323061
-464.06305253
-464.06287742
-464.06270987
-464.06255285
-464.06240897
-464.06228324
-464.06217662
-464.06209347
-464.06203527
-464.06200361
-464.06200079
-464.06202662
-464.06208140
-464.06216474
-464.06227577
-464.06241235
-464.06257299
-464.06275425
-464.06295356
-464.06316721
-464.06339132
-464.06362296
-464.06385690
-464.06408891
-464.06431662
-464.06453431
-464.06473795
-464.06492424
-464.06508829
-464.06522767
-464.06533966
-464.06542016
-464.06546717
-464.06547924
-464.06545511
-464.06539304
-464.06529456
-464.06515839
-464.06498833
-464.06478560
-464.06455345
-464.06429549
-464.06401724
-464.06372407
-464.06342252
-464.06311892
-464.06282028
-464.06253486
-464.06226946
-464.06203266
-464.06183063
-464.06166957
-464.06155636
-464.06149493
-464.06148799
-464.06153808
-464.06164481
-464.06180804
-464.06202429
-464.06228933
-464.06259808
-464.06294353
-464.06331921
-464.06371588
-464.06412592
-464.06454079
-464.06495171
-464.06535140
-464.06573191
-464.06608664
-464.06641057
-464.06669753
-464.06694406
-464.06714691
-464.06730469
-464.06741539
-464.06747847
-464.06749539
-464.06746663
-464.06739509
-464.06728273
-464.06713373
-464.06695182
-464.06674162
-464.06650815
-464.06625782
-464.06599589
-464.06572743
-464.06545934
-464.06519789
-464.06494895
-464.06471646
-464.06450670
-464.06432316
-464.06416970
-464.06404967
-464.06396450
-464.06391583
-464.06390421
-464.06392884
-464.06398789
-464.06407912
-464.06420114
-464.06434852
-464.06451711
-464.06470328
-464.06490144
-464.06510730
-464.06531525
-464.06552135
-464.06572026
-464.06590879
-464.06608300
-464.06623931
-464.06637573
-464.06649027
-464.06658223
-464.06665089
-464.06669622
-464.06671825
-464.06671795
-464.06669700
-464.06665661
-464.06659934
-464.06652644
-464.06644117
-464.06634546
-464.06624141
-464.06613103
-464.06601745
-464.06590209
-464.06578676
-464.06567257
-464.06556152
-464.06545418
-464.06535179
-464.06525462
-464.06516268
-464.06507707
-464.06499702
-464.06492188
-464.06485211
-464.06478592
-464.06472353
-464.06466342
-464.06460508
-464.06454719
-464.06448938
-464.06443070
-464.06437073
-464.06430777
-464.06424320
-464.06417497
-464.06410417
-464.06403116
-464.06395510
-464.06387614
-464.06379629
-464.06371478
-464.06363372
-464.06355256
-464.06347379
-464.06339766
-464.06332663
-464.06326083
-464.06320247
-464.06315361
-464.06311441
-464.06308732
-464.06307331
-464.06307402
-464.06309036
-464.06312356
-464.06317389
-464.06324345
-464.06333087
-464.06343808
-464.06356399
-464.06370862
-464.06387158
-464.06405191
-464.06424811
-464.06445976
-464.06468452
-464.06492033
-464.06516567
-464.06541792
-464.06567492
-464.06593360
-464.06619183
-464.06644707
-464.06669612
-464.06693692
-464.06716631
-464.06738379
-464.06758510
-464.06776882
-464.06793296
-464.06807631
-464.06819654
-464.06829266
-464.06836392
-464.06840889
-464.06842718
-464.06841771
-464.06838141
-464.06831724
-464.06822594
-464.06810789
-464.06796397
-464.06779495
-464.06760258
-464.06738812
-464.06715338
-464.06690069
-464.06663204
-464.06635087
-464.06605965
-464.06576217
-464.06546116
-464.06516074
-464.06486418
-464.06457559
-464.06429986
-464.06404003
-464.06380016
-464.06358504
-464.06339794
-464.06324246
-464.06312116
-464.06303707
-464.06299121
-464.06298555
-464.06301992
-464.06309441
-464.06320814
-464.06335895
-464.06354359
-464.06375932
-464.06400202
-464.06426632
-464.06454741
-464.06483788
-464.06513241
-464.06542358
-464.06570492
-464.06597022
-464.06621277
-464.06642611
-464.06660554
-464.06674468
-464.06684031
-464.06688796
-464.06688508
-464.06683025
-464.06672361
-464.06656450
-464.06635517
-464.06609907
-464.06580006
-464.06546379
-464.06509635
-464.06470472
-464.06429897
-464.06388610
-464.06347505
-464.06307569
-464.06269543
-464.06234340
-464.06202602
-464.06174908
-464.06151946
-464.06133903
-464.06121221
-464.06113778
-464.06111703
-464.06114615
-464.06122215
-464.06133997
-464.06149391
-464.06167627
-464.06188087
-464.06209920
-464.06232295
-464.06254571
-464.06275867
-464.06295662
-464.06313265
-464.06328220
-464.06340110
-464.06348723
-464.06353753
-464.06355110
-464.06352914
-464.06347182
-464.06338037
-464.06325894
-464.06310998
-464.06293795
-464.06274759
-464.06254294
-464.06233053
-464.06211382
-464.06190016
-464.06169285
-464.06149841
-464.06131990
-464.06116293
-464.06103017
-464.06092410
-464.06084868
-464.06080457
-464.06079352
-464.06081420
-464.06086671
-464.06094893
-464.06105981
-464.06119517
-464.06135267
-464.06152745
-464.06171664
-464.06191469
-464.06211610
-464.06231775
-464.06251313
-464.06269951
-464.06287083
-464.06302390
-464.06315507
-464.06326097
-464.06333833
-464.06338669
-464.06340278
-464.06338639
-464.06333674
-464.06325540
-464.06314260
-464.06300034
-464.06283079
-464.06263764
-464.06242387
-464.06219411
-464.06195196
-464.06170359
-464.06145242
-464.06120524
-464.06096549
-464.06073866
-464.06053031
-464.06034336
-464.06018217
-464.06005030
-464.05995037
-464.05988348
-464.05985145
-464.05985411
-464.05989230
-464.05996332
-464.06006711
-464.06019985
-464.06035953
-464.06054348
-464.06074593
-464.06096432
-464.06119366
-464.06142943
-464.06166808
-464.06190447
-464.06213423
-464.06235465
-464.06256039
-464.06274817
-464.06291401
-464.06305570
-464.06317001
-464.06325615
-464.06331307
-464.06333943
-464.06333735
-464.06330712
-464.06325087
-464.06317267
-464.06307567
-464.06296478
-464.06284384
-464.06272040
-464.06259922
-464.06248583
-464.06238579
-464.06230461
-464.06224673
-464.06221653
-464.06221749
-464.06225208
-464.06232189
-464.06242747
-464.06256898
-464.06274471
-464.06295312
-464.06319105
-464.06345591
-464.06374306
-464.06404793
-464.06436743
-464.06469533
-464.06502750
-464.06535926
-464.06568674
-464.06600551
-464.06631311
-464.06660561
-464.06688012
-464.06713502
-464.06736719
-464.06757561
-464.06775897
-464.06791649
-464.06804665
-464.06815104
-464.06822913
-464.06828128
-464.06830931
-464.06831432
-464.06829784
-464.06826395
-464.06821407
-464.06815099
-464.06807764
-464.06799620
-464.06791069
-464.06782188
-464.06773426
-464.06764933
-464.06756808
-464.06749237
-464.06742272
-464.06736125
-464.06730788
-464.06726292
-464.06722602
-464.06719767
-464.06717740
-464.06716447
-464.06715856
-464.06715843
-464.06716414
-464.06717441
-464.06718833
-464.06720576
-464.06722641
-464.06724880
-464.06727287
-464.06729879
-464.06732519
-464.06735192
-464.06737872
-464.06740578
-464.06743153
-464.06745778
-464.06748242
-464.06750612
-464.06752932
-464.06755173
-464.06757330
-464.06759402
-464.06761342
-464.06763070
-464.06764633
-464.06766005
-464.06767101
-464.06767995
-464.06768553
-464.06768856
-464.06768899
-464.06768655
-464.06768093
-464.06767245
-464.06766065
-464.06764592
-464.06762865
-464.06760873
-464.06758635
-464.06756206
-464.06753653
-464.06750975
-464.06748266
-464.06745572
-464.06742888
-464.06740335
-464.06737807
-464.06735460
-464.06733222
-464.06731165
-464.06729239
-464.06727468
-464.06725791
-464.06724282
-464.06722795
-464.06721323
-464.06719921
-464.06718447
-464.06716953
-464.06715369
-464.06713727
-464.06712049
-464.06710275
-464.06708584
-464.06706897
-464.06705373
-464.06704063
-464.06703048
-464.06702514
-464.06702446
-464.06703109
-464.06704567
-464.06706832
-464.06710248
-464.06714725
-464.06720370
-464.06727207
-464.06735336
-464.06744629
-464.06755195
-464.06766884
-464.06779658
-464.06793200
-464.06807654
-464.06822538
-464.06837893
-464.06853366
-464.06868712
-464.06883717
-464.06898118
-464.06911674
-464.06924079
-464.06935076
-464.06944478
-464.06952007
-464.06957549
-464.06960931
-464.06961964
-464.06960704
-464.06956956
-464.06950752
-464.06942079
-464.06930923
-464.06917556
-464.06901890
-464.06884140
-464.06864466
-464.06843107
-464.06820335
-464.06796381
-464.06771607
-464.06746294
-464.06720796
-464.06695400
-464.06670468
-464.06646398
-464.06623518
-464.06602060
-464.06582396
-464.06564700
-464.06549321
-464.06536312
-464.06525882
-464.06518004
-464.06512727
-464.06510119
-464.06509965
-464.06512197
-464.06516502
-464.06522826
-464.06530686
-464.06539823
-464.06549948
-464.06560683
-464.06571658
-464.06582496
-464.06592897
-464.06602552
-464.06611062
-464.06618330
-464.06624024
-464.06628044
-464.06630212
-464.06630442
-464.06628716
-464.06625057
-464.06619422
-464.06612007
-464.06602783
-464.06591981
-464.06579599
-464.06565936
-464.06551021
-464.06535130
-464.06518395
-464.06501029
-464.06483291
-464.06465236
-464.06447181
-464.06429322
-464.06411783
-464.06394885
-464.06378717
-464.06363653
-464.06349774
-464.06337259
-464.06326411
-464.06317284
-464.06310161
-464.06305127
-464.06302306
-464.06301832
-464.06303715
-464.06308192
-464.06315049
-464.06324465
-464.06336302
-464.06350469
-464.06366893
-464.06385321
-464.06405609
-464.06427592
-464.06450974
-464.06475515
-464.06500860
-464.06526885
-464.06553147
-464.06579381
-464.06605283
-464.06630529
-464.06654961
-464.06678253
-464.06700100
-464.06720369
-464.06738769
-464.06755093
-464.06769187
-464.06780983
-464.06790277
-464.06796998
-464.06801036
-464.06802381
-464.06801031
-464.06796937
-464.06790200
-464.06780808
-464.06768906
-464.06754542
-464.06737974
-464.06719311
-464.06698811
-464.06676711
-464.06653188
-464.06628649
-464.06603304
-464.06577555
-464.06551669
-464.06526092
-464.06501100
-464.06477058
-464.06454262
-464.06433092
-464.06413836
-464.06396735
-464.06381979
-464.06369756
-464.06360275
-464.06353467
-464.06349397
-464.06347900
-464.06349057
-464.06352487
-464.06357951
-464.06365309
-464.06374025
-464.06383808
-464.06394245
-464.06404929
-464.06415406
-464.06425283
-464.06434336
-464.06442158
-464.06448489
-464.06453126
-464.06456026
-464.06457077
-464.06456304
-464.06453774
-464.06449677
-464.06444268
-464.06437746
-464.06430567
-464.06422976
-464.06415411
-464.06408243
-464.06401728
-464.06396227
-464.06391979
-464.06389142
-464.06388051
-464.06388608
-464.06390838
-464.06394708
-464.06400097
-464.06406817
-464.06414598
-464.06423157
-464.06432224
-464.06441544
-464.06450673
-464.06459410
-464.06467483
-464.06474524
-464.06480460
-464.06485044
-464.06488150
-464.06489639
-464.06489585
-464.06487845
-464.06484591
-464.06479777
-464.06473552
-464.06466032
-464.06457401
-464.06447886
-464.06437571
-464.06426706
-464.06415539
-464.06404187
-464.06393106
-464.06382418
-464.06372338
-464.06363119
-464.06355032
-464.06348211
-464.06342884
-464.06339272
-464.06337473
-464.06337508
-464.06339553
-464.06343590
-464.06349549
-464.06357477
-464.06367258
-464.06378725
-464.06391774
-464.06406150
-464.06421739
-464.06438236
-464.06455321
-464.06472914
-464.06490620
-464.06508260
-464.06525543
-464.06542298
-464.06558154
-464.06573117
-464.06586910
-464.06599271
-464.06610317
-464.06619651
-464.06627436
-464.06633477
-464.06637783
-464.06640423
-464.06641359
-464.06640558
-464.06638125
-464.06634278
-464.06628851
-464.06622150
-464.06614095
-464.06604909
-464.06594617
-464.06583416
-464.06571342
-464.06558473
-464.06545011
-464.06531070
-464.06516636
-464.06501905
-464.06486951
-464.06471905
-464.06456911
-464.06441969
-464.06427261
-464.06412868
-464.06398907
-464.06385462
-464.06372645
-464.06360517
-464.06349196
-464.06338716
-464.06329145
-464.06320662
-464.06313150
-464.06306749
-464.06301451
-464.06297279
-464.06294219
-464.06292263
-464.06291360
-464.06291491
-464.06292650
-464.06294622
-464.06297380
-464.06300814
-464.06304736
-464.06309130
-464.06313783
-464.06318507
-464.06323278
-464.06327944
-464.06332344
-464.06336447
-464.06340072
-464.06343310
-464.06346063
-464.06348302
-464.06350128
-464.06351570
-464.06352805
-464.06353784
-464.06354860
-464.06356008
-464.06357489
-464.06359420
-464.06362046
-464.06365535
-464.06369961
-464.06375600
-464.06382384
-464.06390508
-464.06400004
-464.06410845
-464.06423046
-464.06436491
-464.06451083
-464.06466649
-464.06482996
-464.06499994
-464.06517391
-464.06534844
-464.06552243
-464.06569265
-464.06585627
-464.06601095
-464.06615569
-464.06628692
-464.06640417
-464.06650511
-464.06658844
-464.06665406
-464.06670105
-464.06672834
-464.06673708
-464.06672682
-464.06669864
-464.06665360
-464.06659294
-464.06651785
-464.06643075
-464.06633318
-464.06622771
-464.06611606
-464.06600113
-464.06588467
-464.06577064
-464.06565937
-464.06555356
-464.06545488
-464.06536536
-464.06528646
-464.06521849
-464.06516185
-464.06511779
-464.06508524
-464.06506438
-464.06505526
-464.06505636
-464.06506725
-464.06508624
-464.06511393
-464.06514738
-464.06518588
-464.06522750
-464.06527226
-464.06531754
-464.06536231
-464.06540603
-464.06544632
-464.06548219
-464.06551327
-464.06553784
-464.06555537
-464.06556496
-464.06556576
-464.06555819
-464.06554141
-464.06551614
-464.06548218
-464.06544080
-464.06539321
-464.06533989
-464.06528323
-464.06522370
-464.06516294
-464.06510393
-464.06504704
-464.06499518
-464.06494855
-464.06491016
-464.06487954
-464.06485818
-464.06484748
-464.06484658
-464.06485561
-464.06487365
-464.06490050
-464.06493382
-464.06497331
-464.06501560
-464.06505925
-464.06510219
-464.06514123
-464.06517581
-464.06520242
-464.06521956
-464.06522599
-464.06522003
-464.06520153
-464.06516919
-464.06512460
-464.06506654
-464.06499708
-464.06491682
-464.06482816
-464.06473230
-464.06463210
-464.06453007
-464.06442845
-464.06432944
-464.06423798
-464.06415423
-464.06408297
-464.06402604
-464.06398537
-464.06396419
-464.06396378
-464.06398506
-464.06403004
-464.06409848
-464.06419128
-464.06430707
-464.06444608
-464.06460634
-464.06478547
-464.06498277
-464.06519501
-464.06541890
-464.06565226
-464.06589214
-464.06613425
-464.06637609
-464.06661543
-464.06684768
-464.06707210
-464.06728597
-464.06748604
-464.06767224
-464.06784164
-464.06799290
-464.06812501
-464.06823857
-464.06833171
-464.06840485
-464.06845903
-464.06849271
-464.06850723
-464.06850255
-464.06847884
-464.06843732
-464.06837853
-464.06830329
-464.06821238
-464.06810742
-464.06798894
-464.06785898
-464.06771888
-464.06757116
-464.06741693
-464.06725737
-464.06709717
-464.06693672
-464.06677863
-464.06662536
-464.06647981
-464.06634386
-464.06621894
-464.06610864
-464.06601345
-464.06593475
-464.06587408
-464.06583224
-464.06580941
-464.06580586
-464.06582076
-464.06585508
-464.06590653
-464.06597356
-464.06605713
-464.06615340
-464.06626136
-464.06637841
-464.06650256
-464.06663097
-464.06676166
-464.06689038
-464.06701571
-464.06713315
-464.06723954
-464.06733197
-464.06740730
-464.06746261
-464.06749478
-464.06750193
-464.06748121
-464.06743179
-464.06735313
-464.06724471
-464.06710660
-464.06694060
-464.06674894
-464.06653438
-464.06630015
-464.06605127
-464.06579193
-464.06552773
-464.06526378
-464.06500637
-464.06476004
-464.06453153
-464.06432431
-464.06414389
-464.06399356
-464.06387542
-464.06379275
-464.06374594
-464.06373515
-464.06375949
-464.06381587
-464.06390440
-464.06401894
-464.06415758
-464.06431484
-464.06448683
-464.06466859
-464.06485542
-464.06504219
-464.06522569
-464.06540091
-464.06556445
-464.06571279
-464.06584252
-464.06595365
-464.06604203
-464.06610830
-464.06615045
-464.06616896
-464.06616390
-464.06613587
-464.06608807
-464.06602148
-464.06594053
-464.06584741
-464.06574659
-464.06564217
-464.06553830
-464.06544003
-464.06535129
-464.06527582
-464.06521858
-464.06518138
-464.06516696
-464.06517690
-464.06521178
-464.06527073
-464.06535386
-464.06545722
-464.06557965
-464.06571699
-464.06586420
-464.06601729
-464.06617204
-464.06632343
-464.06646592
-464.06659541
-464.06670627
-464.06679529
-464.06685878
-464.06689335
-464.06689718
-464.06686870
-464.06680757
-464.06671347
-464.06658815
-464.06643334
-464.06625174
-464.06604579
-464.06582049
-464.06557848
-464.06532483
-464.06506394
-464.06480017
-464.06453888
-464.06428409
-464.06404127
-464.06381420
-464.06360730
-464.06342467
-464.06326917
-464.06314284
-464.06304915
-464.06298823
-464.06296186
-464.06296869
-464.06301024
-464.06308282
-464.06318571
-464.06331518
-464.06346808
-464.06363974
-464.06382637
-464.06402201
-464.06422185
-464.06441980
-464.06461231
-464.06479229
-464.06495602
-464.06509804
-464.06521523
-464.06530334
-464.06536042
-464.06538441
-464.06537546
-464.06533377
-464.06526023
-464.06515757
-464.06502821
-464.06487561
-464.06470551
-464.06452288
-464.06433483
-464.06414702
-464.06396695
-464.06380115
-464.06365541
-464.06353707
-464.06345002
-464.06339963
-464.06338904
-464.06342081
-464.06349683
-464.06361764
-464.06378217
-464.06398869
-464.06423323
-464.06451159
-464.06481838
-464.06514910
-464.06549507
-464.06585031
-464.06620733
-464.06655875
-464.06689774
-464.06721736
-464.06751161
-464.06777382
-464.06800094
-464.06818735
-464.06832955
-464.06842519
-464.06847399
-464.06847436
-464.06842732
-464.06833664
-464.06820347
-464.06803374
-464.06783227
-464.06760619
-464.06736301
-464.06711117
-464.06685860
-464.06661365
-464.06638690
-464.06618551
-464.06601682
-464.06588729
-464.06580181
-464.06576337
-464.06577305
-464.06583010
-464.06593119
-464.06607311
-464.06624769
-464.06644906
-464.06666660
-464.06689165
-464.06711207
-464.06731974
-464.06750300
-464.06765349
-464.06776441
-464.06782697
-464.06783769
-464.06779141
-464.06768900
-464.06752842
-464.06731222
-464.06704488
-464.06672937
-464.06637336
-464.06598354
-464.06556861
-464.06513804
-464.06470117
-464.06426860
-464.06385015
-464.06345627
-464.06309557
-464.06277659
-464.06250687
-464.06229224
-464.06213662
-464.06204041
-464.06200385
-464.06202375
-464.06209609
-464.06221386
-464.06236998
-464.06255548
-464.06276189
-464.06297959
-464.06320002
-464.06341541
-464.06361900
-464.06380543
-464.06397136
-464.06411465
-464.06423423
-464.06433030
-464.06440507
-464.06445893
-464.06449577
-464.06451760
-464.06452647
-464.06452477
-464.06451472
-464.06449643
-464.06447289
-464.06444268
-464.06440816
-464.06436799
-464.06432440
-464.06427603
-464.06422566
-464.06417195
-464.06411841
-464.06406475
-464.06401267
-464.06396526
-464.06392346
-464.06388926
-464.06386506
-464.06385252
-464.06385301
-464.06386763
-464.06389762
-464.06394393
-464.06400572
-464.06408343
-464.06417566
-464.06428285
-464.06440253
-464.06453284
-464.06467147
-464.06481743
-464.06496588
-464.06511485
-464.06525994
-464.06539797
-464.06552470
-464.06563591
-464.06572798
-464.06579689
-464.06584079
-464.06585583
-464.06583994
-464.06579188
-464.06571168
-464.06559897
-464.06545539
-464.06528377
-464.06508835
-464.06487285
-464.06464311
-464.06440492
-464.06416458
-464.06393120
-464.06370969
-464.06350845
-464.06333280
-464.06319022
-464.06308415
-464.06302092
-464.06300207
-464.06303073
-464.06310656
-464.06323134
-464.06340151
-464.06361639
-464.06387153
-464.06416179
-464.06448287
-464.06482821
-464.06519214
-464.06556795
-464.06595015
-464.06633138
-464.06670833
-464.06707267
-464.06741966
-464.06774360
-464.06804100
-464.06830512
-464.06853376
-464.06872255
-464.06887072
-464.06897571
-464.06903763
-464.06905710
-464.06903467
-464.06897261
-464.06887459
-464.06874493
-464.06858836
-464.06841122
-464.06821933
-464.06801949
-464.06781838
-464.06762297
-464.06744009
-464.06727605
-464.06713638
-464.06702540
-464.06694818
-464.06690454
-464.06689691
-464.06692488
-464.06698638
-464.06707845
-464.06719702
-464.06733743
-464.06749380
-464.06765916
-464.06782877
-464.06799442
-464.06815019
-464.06828892
-464.06840591
-464.06849504
-464.06855217
-464.06857334
-464.06855569
-464.06849721
-464.06839667
-464.06825401
-464.06807023
-464.06784696
-464.06758786
-464.06729655
-464.06697804
-464.06663700
-464.06628135
-464.06591700
-464.06555157
-464.06519273
-464.06484788
-464.06452449
-464.06423073
-464.06397102
-464.06375259
-464.06357830
-464.06345104
-464.06337446
-464.06334661
-464.06336764
-464.06343426
-464.06354440
-464.06369206
-464.06387287
-464.06407977
-464.06430798
-464.06454926
-464.06479727
-464.06504501
-464.06528770
-464.06551859
-464.06573348
-464.06592844
-464.06609874
-464.06624229
-464.06635650
-464.06644126
-464.06649494
-464.06651857
-464.06651132
-464.06647630
-464.06641386
-464.06632813
-464.06622110
-464.06609595
-464.06595781
-464.06581008
-464.06565613
-464.06550088
-464.06534818
-464.06520244
-464.06506745
-464.06494690
-464.06484419
-464.06476327
-464.06470645
-464.06467590
-464.06467349
-464.06470041
-464.06475725
-464.06484325
-464.06495842
-464.06510029
-464.06526816
-464.06545854
-464.06566833
-464.06589463
-464.06613343
-464.06638058
-464.06663262
-464.06688494
-464.06713276
-464.06737337
-464.06760123
-464.06781508
-464.06801083
-464.06818513
-464.06833580
-464.06846241
-464.06856233
-464.06863402
-464.06867861
-464.06869493
-464.06868419
-464.06864683
-464.06858403
-464.06849754
-464.06838944
-464.06826191
-464.06811743
-464.06795887
-464.06778895
-464.06761091
-464.06742928
-464.06724587
-464.06706529
-464.06689074
-464.06672483
-464.06657163
-464.06643381
-464.06631281
-464.06621241
-464.06613292
-464.06607631
-464.06604338
-464.06603382
-464.06604772
-464.06608414
-464.06614118
-464.06621680
-464.06630899
-464.06641372
-464.06652866
-464.06664875
-464.06677220
-464.06689349
-464.06700916
-464.06711494
-464.06720769
-464.06728377
-464.06733985
-464.06737405
-464.06738460
-464.06737016
-464.06733146
-464.06726860
-464.06718346
-464.06707823
-464.06695444
-464.06681711
-464.06666982
-464.06651715
-464.06636337
-464.06621388
-464.06607391
-464.06594728
-464.06583911
-464.06575329
-464.06569209
-464.06565870
-464.06565434
-464.06567982
-464.06573503
-464.06581823
-464.06592806
-464.06606131
-464.06621489
-464.06638415
-464.06656467
-464.06675098
-464.06693912
-464.06712325
-464.06729989
-464.06746290
-464.06760979
-464.06773576
-464.06783906
-464.06791549
-464.06796558
-464.06798700
-464.06797833
-464.06794235
-464.06787778
-464.06778670
-464.06767174
-464.06753544
-464.06737952
-464.06720992
-464.06702910
-464.06684037
-464.06664952
-464.06645960
-464.06627578
-464.06610166
-464.06594161
-464.06579876
-464.06567719
-464.06557852
-464.06550546
-464.06546012
-464.06544348
-464.06545363
-464.06549671
-464.06556666
-464.06566304
-464.06578523
-464.06592991
-464.06609583
-464.06627843
-464.06647543
-464.06668264
-464.06689707
-464.06711468
-464.06733147
-464.06754422
-464.06774826
-464.06794169
-464.06812055
-464.06828126
-464.06842289
-464.06854283
-464.06863833
-464.06870877
-464.06875214
-464.06876846
-464.06875645
-464.06871714
-464.06864990
-464.06855599
-464.06843546
-464.06828988
-464.06812079
-464.06792994
-464.06771898
-464.06749061
-464.06724773
-464.06699179
-464.06672538
-464.06645301
-464.06617589
-464.06589713
-464.06561947
-464.06534598
-464.06507891
-464.06482163
-464.06457648
-464.06434547
-464.06413117
-464.06393517
-464.06375935
-464.06360493
-464.06347314
-464.06336417
-464.06327866
-464.06321685
-464.06317823
-464.06316284
-464.06316919
-464.06319645
-464.06324346
-464.06330808
-464.06338852
-464.06348337
-464.06358980
-464.06370591
-464.06382888
-464.06395767
-464.06408809
-464.06421978
-464.06434877
-464.06447357
-464.06459281
-464.06470418
-464.06480573
-464.06489707
-464.06497757
-464.06504491
-464.06510000
-464.06514158
-464.06517209
-464.06519017
-464.06519713
-464.06519435
-464.06518338
-464.06516538
-464.06514199
-464.06511580
-464.06508756
-464.06506094
-464.06503611
-464.06501576
-464.06500161
-464.06499425
-464.06499515
-464.06500572
-464.06502502
-464.06505468
-464.06509429
-464.06514218
-464.06519830
-464.06526112
-464.06532858
-464.06539963
-464.06547166
-464.06554260
-464.06561019
-464.06567212
-464.06572628
-464.06577066
-464.06580308
-464.06582192
-464.06582665
-464.06581533
-464.06578802
-464.06574438
-464.06568431
-464.06560877
-464.06551977
-464.06541790
-464.06530525
-464.06518484
-464.06505817
-464.06492893
-464.06479954
-464.06467363
-464.06455302
-464.06444125
-464.06434042
-464.06425447
-464.06418331
-464.06413019
-464.06409555
-464.06408073
-464.06408699
-464.06411382
-464.06416043
-464.06422625
-464.06431045
-464.06441135
-464.06452752
-464.06465669
-464.06479593
-464.06494468
-464.06509894
-464.06525641
-464.06541393
-464.06557050
-464.06572132
-464.06586648
-464.06600116
-464.06612467
-464.06623410
-464.06632711
-464.06640277
-464.06645819
-464.06649316
-464.06650580
-464.06649485
-464.06646082
-464.06640166
-464.06631827
-464.06621144
-464.06608188
-464.06593127
-464.06576140
-464.06557413
-464.06537258
-464.06515999
-464.06493915
-464.06471463
-464.06448996
-464.06426784
-464.06405437
-464.06385129
-464.06366284
-464.06349302
-464.06334339
-464.06321736
-464.06311640
-464.06304162
-464.06299339
-464.06297246
-464.06297686
-464.06300670
-464.06305944
-464.06313296
-464.06322539
-464.06333264
-464.06345208
-464.06358001
-464.06371449
-464.06385075
-464.06398655
-464.06411803
-464.06424376
-464.06436035
-464.06446654
-464.06455980
-464.06463965
-464.06470467
-464.06475497
-464.06479069
-464.06481115
-464.06481796
-464.06481116
-464.06479209
-464.06476262
-464.06472428
-464.06467827
-464.06462773
-464.06457370
-464.06452020
-464.06446798
-464.06442058
-464.06438031
-464.06434892
-464.06432935
-464.06432342
-464.06433330
-464.06436072
-464.06440582
-464.06447036
-464.06455359
-464.06465515
-464.06477491
-464.06491088
-464.06506101
-464.06522282
-464.06539281
-464.06556822
-464.06574501
-464.06592010
-464.06608898
-464.06624756
-464.06639332
-464.06652284
-464.06663257
-464.06672105
-464.06678536
-464.06682419
-464.06683709
-464.06682311
-464.06678392
-464.06671962
-464.06663302
-464.06652486
-464.06640003
-464.06626005
-464.06610822
-464.06594855
-464.06578455
-464.06562044
-464.06545924
-464.06530428
-464.06515879
-464.06502476
-464.06490528
-464.06480128
-464.06471527
-464.06464698
-464.06459663
-464.06456402
-464.06454885
-464.06454944
-464.06456506
-464.06459297
-464.06463150
-464.06467852
-464.06473210
-464.06478906
-464.06484706
-464.06490475
-464.06495972
-464.06501027
-464.06505441
-464.06509111
-464.06512017
-464.06514033
-464.06515074
-464.06515230
-464.06514445
-464.06512857
-464.06510517
-464.06507526
-464.06504022
-464.06500109
-464.06495863
-464.06491559
-464.06487167
-464.06482891
-464.06478829
-464.06475170
-464.06472009
-464.06469348
-464.06467386
-464.06466150
-464.06465711
-464.06466069
-464.06467285
-464.06469329
-464.06472261
-464.06475977
-464.06480492
-464.06485712
-464.06491507
-464.06497854
-464.06504655
-464.06511629
-464.06518843
-464.06526131
-464.06533245
-464.06540193
-464.06546775
-464.06552984
-464.06558725
-464.06563995
-464.06568653
-464.06572779
-464.06576332
-464.06579337
-464.06581878
-464.06583974
-464.06585688
-464.06587077
-464.06588211
-464.06589086
-464.06589854
-464.06590541
-464.06591200
-464.06591776
-464.06592416
-464.06593009
-464.06593568
-464.06594082
-464.06594589
-464.06594967
-464.06595182
-464.06595258
-464.06595058
-464.06594709
-464.06593994
-464.06593121
-464.06591903
-464.06590559
-464.06588989
-464.06587307
-464.06585567
-464.06583880
-464.06582317
-464.06581023
-464.06580037
-464.06579491
-464.06579479
-464.06580052
-464.06581297
-464.06583203
-464.06585819
-464.06589234
-464.06593246
-464.06598071
-464.06603524
-464.06609577
-464.06616169
-464.06623231
-464.06630682
-464.06638343
-464.06646289
-464.06654225
-464.06662231
-464.06670106
-464.06677719
-464.06685074
-464.06692002
-464.06698549
-464.06704537
-464.06709872
-464.06714616
-464.06718550
-464.06721654
-464.06723764
-464.06724812
-464.06724689
-464.06723272
-464.06720526
-464.06716300
-464.06710509
-464.06703198
-464.06694462
-464.06684231
-464.06672693
-464.06659957
-464.06646331
-464.06631937
-464.06617096
-464.06602112
-464.06587242
-464.06572924
-464.06559437
-464.06547103
-464.06536285
-464.06527322
-464.06520423
-464.06515959
-464.06514007
-464.06514858
-464.06518534
-464.06525075
-464.06534554
-464.06546734
-464.06561574
-464.06578797
-464.06598138
-464.06619270
-464.06641846
-464.06665404
-464.06689582
-464.06713794
-464.06737684
-464.06760727
-464.06782448
-464.06802512
-464.06820428
-464.06836001
-464.06848857
-464.06858840
-464.06865769
-464.06869600
-464.06870297
-464.06868034
-464.06862874
-464.06855106
-464.06844872
-464.06832719
-464.06818945
-464.06803963
-464.06788298
-464.06772380
-464.06756745
-464.06741820
-464.06728026
-464.06715918
-464.06705835
-464.06698189
-464.06693203
-464.06691052
-464.06692068
-464.06696278
-464.06703723
-464.06714380
-464.06728112
-464.06744782
-464.06764189
-464.06786045
-464.06810121
-464.06835898
-464.06863217
-464.06891522
-464.06920459
-464.06949562
-464.06978333
-464.07006501
-464.07033552
-464.07059061
-464.07082694
-464.07104078
-464.07122947
-464.07138840
-464.07151757
-464.07161313
-464.07167334
-464.07169775
-464.07168566
-464.07163707
-464.07155287
-464.07143432
-464.07128241
-464.07109979
-464.07088879
-464.07065282
-464.07039463
-464.07011863
-464.06982796
-464.06952781
-464.06922280
-464.06891642
-464.06861324
-464.06831921
-464.06803799
-464.06777306
-464.06752880
-464.06730830
-464.06711380
-464.06694963
-464.06681619
-464.06671513
-464.06664701
-464.06661122
-464.06660852
-464.06663762
-464.06669590
-464.06678085
-464.06689087
-464.06702142
-464.06717099
-464.06733382
-464.06750654
-464.06768519
-464.06786630
-464.06804460
-464.06821732
-464.06838110
-464.06853141
-464.06866687
-464.06878355
-464.06888016
-464.06895477
-464.06900613
-464.06903492
-464.06903928
-464.06902146
-464.06898279
-464.06892439
-464.06884824
-464.06875765
-464.06865667
-464.06854733
-464.06843497
-464.06832233
-464.06821444
-464.06811426
-464.06802585
-464.06795282
-464.06789788
-464.06786304
-464.06784982
-464.06786006
-464.06789226
-464.06794723
-464.06802295
-464.06811651
-464.06822505
-464.06834487
-464.06847097
-464.06859883
-464.06872217
-464.06883746
-464.06893841
-464.06901962
-464.06907680
-464.06910737
-464.06910569
-464.06907052
-464.06899897
-464.06889078
-464.06874665
-464.06856822
-464.06835878
-464.06812127
-464.06786125
-464.06758225
-464.06729203
-464.06699708
-464.06670480
-464.06642090
-464.06615387
-464.06590982
-464.06569394
-464.06551207
-464.06537006
-464.06526947
-464.06521433
-464.06520550
-464.06524201
-464.06532319
-464.06544736
-464.06560934
-464.06580637
-464.06603151
-464.06627979
-464.06654402
-464.06681711
-464.06709150
-464.06735937
-464.06761648
-464.06785239
-464.06806243
-464.06824039
-464.06838023
-464.06847788
-464.06853098
-464.06853619
-464.06849190
-464.06839722
-464.06825249
-464.06806005
-464.06782169
-464.06754172
-464.06722411
-464.06687481
-464.06649949
-464.06610571
-464.06569910
-464.06528986
-464.06488513
-464.06449284
-464.06412114
-464.06377814
-464.06347029
-464.06320342
-464.06298411
-464.06281569
-464.06270062
-464.06264087
-464.06263630
-464.06268587
-464.06278691
-464.06293524
-464.06312609
-464.06335346
-464.06361175
-464.06389349
-464.06419044
-464.06449550
-464.06480133
-464.06509931
-464.06538515
-464.06564987
-464.06588816
-464.06609565
-464.06626657
-464.06639848
-464.06648770
-464.06653334
-464.06653448
-464.06649058
-464.06640263
-464.06627248
-464.06610354
-464.06589949
-464.06566422
-464.06540368
-464.06512472
-464.06483409
-464.06454061
-464.06425113
-464.06397428
-464.06371734
-464.06348899
-464.06329604
-464.06314484
-464.06304092
-464.06298928
-464.06299230
-464.06305248
-464.06316889
-464.06334127
-464.06356563
-464.06383847
-464.06415451
-464.06450508
-464.06488531
-464.06528496
-464.06569552
-464.06611011
-464.06651865
-464.06691210
-464.06728422
-464.06762607
-464.06793177
-464.06819575
-464.06841308
-464.06857865
-464.06869016
-464.06874474
-464.06874340
-464.06868551
-464.06857216
-464.06840593
-464.06818876
-464.06792509
-464.06762077
-464.06727959
-464.06690987
-464.06651802
-464.06611126
-464.06569755
-464.06528314
-464.06487558
-464.06448391
-464.06411483
-464.06377418
-464.06346891
-464.06320286
-464.06298024
-464.06280500
-464.06267853
-464.06260302
-464.06257768
-464.06260258
-464.06267468
-464.06279075
-464.06294707
-464.06313862
-464.06335954
-464.06360524
-464.06386822
-464.06414353
-464.06442345
-464.06470196
-464.06497357
-464.06523298
-464.06547465
-464.06569418
-464.06588925
-464.06605535
-464.06619196
-464.06629635
-464.06636784
-464.06640714
-464.06641419
-464.06639092
-464.06633912
-464.06626114
-464.06615942
-464.06603790
-464.06589918
-464.06574784
-464.06558684
-464.06542003
-464.06525035
-464.06508191
-464.06491722
-464.06476098
-464.06461460
-464.06448150
-464.06436250
-464.06425935
-464.06417308
-464.06410375
-464.06405067
-464.06401344
-464.06399187
-464.06398314
-464.06398602
-464.06399925
-464.06402050
-464.06404735
-464.06407877
-464.06411312
-464.06414834
-464.06418335
-464.06421692
-464.06424846
-464.06427685
-464.06430229
-464.06432450
-464.06434303
-464.06435833
-464.06437094
-464.06438104
-464.06438959
-464.06439610
-464.06440201
-464.06440737
-464.06441206
-464.06441683
-464.06442194
-464.06442879
-464.06443753
-464.06444946
-464.06446517
-464.06448579
-464.06451190
-464.06454501
-464.06458594
-464.06463526
-464.06469473
-464.06476343
-464.06484235
-464.06493082
-464.06502952
-464.06513756
-464.06525331
-464.06537627
-464.06550455
-464.06563694
-464.06577141
-464.06590520
-464.06603728
-464.06616547
-464.06628702
-464.06640022
-464.06650258
-464.06659272
-464.06666885
-464.06672894
-464.06677199
-464.06679652
-464.06680269
-464.06678957
-464.06675694
-464.06670509
-464.06663561
-464.06654781
-464.06644413
-464.06632554
-464.06619312
-464.06604982
-464.06589693
-464.06573722
-464.06557343
-464.06540657
-464.06524075
-464.06507761
-464.06491985
-464.06476946
-464.06462915
-464.06449998
-464.06438613
-464.06428728
-464.06420510
-464.06414167
-464.06409744
-464.06407400
-464.06407025
-464.06408766
-464.06412467
-464.06418202
-464.06425747
-464.06435128
-464.06446102
-464.06458456
-464.06472086
-464.06486667
-464.06501977
-464.06517793
-464.06533760
-464.06549604
-464.06565080
-464.06579867
-464.06593752
-464.06606415
-464.06617695
-464.06627368
-464.06635180
-464.06641128
-464.06644982
-464.06646729
-464.06646438
-464.06643939
-464.06639498
-464.06633026
-464.06624676
-464.06614629
-464.06602939
-464.06590015
-464.06575818
-464.06560668
-464.06544726
-464.06528169
-464.06511362
-464.06494330
-464.06477386
-464.06460555
-464.06444109
-464.06428268
-464.06413063
-464.06398708
-464.06385314
-464.06373023
-464.06361859
-464.06352003
-464.06343509
-464.06336418
-464.06330752
-464.06326593
-464.06324006
-464.06322992
-464.06323588
-464.06325737
-464.06329474
-464.06334728
-464.06341473
-464.06349610
-464.06359093
-464.06369698
-464.06381352
-464.06393915
-464.06407203
-464.06421105
-464.06435377
-464.06449833
-464.06464322
-464.06478626
-464.06492554
-464.06505870
-464.06518487
-464.06530166
-464.06540678
-464.06549984
-464.06557901
-464.06564253
-464.06568948
-464.06571901
-464.06573007
-464.06572118
-464.06569236
-464.06564339
-464.06557403
-464.06548385
-464.06537375
-464.06524378
-464.06509454
-464.06492784
-464.06474392
-464.06454428
-464.06433200
-464.06410717
-464.06387368
-464.06363317
-464.06338814
-464.06314201
-464.06289834
-464.06265891
-464.06242842
-464.06220939
-464.06200499
-464.06181868
-464.06165264
-464.06150953
-464.06139181
-464.06130141
-464.06123962
-464.06120709
-464.06120573
-464.06123387
-464.06129187
-464.06137927
-464.06149347
-464.06163434
-464.06179735
-464.06198158
-464.06218280
-464.06239867
-464.06262488
-464.06285749
-464.06309337
-464.06332902
-464.06356002
-464.06378249
-464.06399420
-464.06419010
-464.06436934
-464.06452834
-464.06466543
-464.06477757
-464.06486483
-464.06492612
-464.06496044
-464.06496910
-464.06495169
-464.06491063
-464.06484749
-464.06476330
-464.06466137
-464.06454478
-464.06441655
-464.06427881
-464.06413661
-464.06399217
-464.06384898
-464.06371060
-464.06358053
-464.06346141
-464.06335580
-464.06326578
-464.06319399
-464.06314162
-464.06310913
-464.06309724
-464.06310654
-464.06313569
-464.06318512
-464.06325217
-464.06333697
-464.06343593
-464.06354780
-464.06366936
-464.06379903
-464.06393245
-464.06406812
-464.06420253
-464.06433296
-464.06445617
-464.06456932
-464.06467062
-464.06475726
-464.06482765
-464.06488003
-464.06491352
-464.06492742
-464.06492189
-464.06489739
-464.06485535
-464.06479606
-464.06472178
-464.06463453
-464.06453756
-464.06443333
-464.06432510
-464.06421571
-464.06410852
-464.06400609
-464.06391135
-464.06382727
-464.06375600
-464.06369930
-464.06365849
-464.06363618
-464.06363134
-464.06364518
-464.06367763
-464.06372794
-464.06379432
-464.06387720
-464.06397332
-464.06408101
-464.06419787
-464.06432148
-464.06444825
-464.06457692
-464.06470308
-464.06482421
-464.06493798
-464.06504139
-464.06513107
-464.06520638
-464.06526639
-464.06530706
-464.06532906
-464.06533160
-464.06531429
-464.06527825
-464.06522506
-464.06515558
-464.06507171
-464.06497711
-464.06487443
-464.06476624
-464.06465570
-464.06454712
-464.06444267
-464.06434655
-464.06426133
-464.06418935
-464.06413258
-464.06409321
-464.06407293
-464.06407172
-464.06409058
-464.06412890
-464.06418519
-464.06425949
-464.06434921
-464.06445254
-464.06456721
-464.06469047
-464.06482009
-464.06495357
-464.06508777
